2.994269371 -1.502417207 7.378991604
4.002240181 3.164874077 7.730461121
3.674721718 -0.1513196379 7.270160675
2.006329775 -0.5177502632 7.804174423
5.219843864 0.3384308815 6.959553242
5.794959068 -0.8730576634 8.489322662
1.527356863 -0.4588703513 6.649868965
3.801093578 -1.042822123 7.159369469
3.339137554 3.325391293 8.056708336
3.63184309 1.698303461 7.562488079
1.930384636 1.620918274 8.171882629
3.794869184 4.576231956 8.044868469
3.539490461 -2.550942659 7.052637577
3.865561485 -3.118084192 6.859259605
4.776919365 0.9963911176 7.195008278
2.232162714 0.4528197348 7.903939724
5.260867119 1.216302872 7.055837631
3.791795731 0.0218847841 7.320765972
4.123466969 2.332500458 5.72293663
2.046566963 0.7292702198 7.95541811
1.952773213 1.705226302 8.178588867
5.11237669 -0.431445539 6.917215347
2.999913454 -2.137087584 7.304837227
3.681759357 -3.533920527 6.825024605
1.281388283 0.06314371526 8.134740829
1.803578615 0.149198696 7.965848446
4.849986553 0.8794703484 7.130627155
5.080357075 1.353237987 7.163480759
6.247161388 4.68847847 7.317734718
3.553937197 -1.334827662 7.198990345
1.509747148 0.7358082533 8.165748596
1.210612655 0.62269485 8.241170883
2.201546192 0.05425918102 7.830625534
2.021576405 0.3866313994 7.932933331
3.536117315 -1.464480877 7.20019865
2.173177242 -2.511045218 7.534899712
3.85098362 -2.051039219 6.928300381
2.956171751 -2.103177071 7.375166893
3.790978909 3.860301018 7.930963516
2.888041973 -3.039350986 7.173565865
2.28742671 -3.022563934 7.39745903
2.769355059 -3.043600559 7.300514698
0.1907348037 1.135273933 7.945643425
1.275939345 -1.745465398 7.852820396
2.271245003 -0.459585458 7.75968647
-0.1004877388 -1.507683873 7.83118248
-1.303088188 0.3392146528 5.581006527
-0.7630140781 0.4493070543 6.925759315
3.922940016 4.818845749 7.230132103
0.01146172453 -3.260577679 7.60935545
3.759189129 -0.1286431402 7.317413807
3.827265739 -1.172585368 7.129491806
1.98373878 -0.8813146949 7.780934811
2.107722282 -0.8621621728 7.756980419
1.82606411 -0.9494737387 7.812264442
1.847837567 -0.9587118626 7.808958054
2.478092194 -0.6995943785 7.676719666
3.569552183 -0.8681697845 7.252262115
3.586767197 -0.6307884455 7.289759159
-0.1432800442 -0.146177426 7.926861763
0.7875332832 -1.399549603 8.039143562
1.458170295 -1.052965522 7.916470528
2.532019615 -1.321620464 7.558242798
1.043618202 -1.140058637 7.997472286
2.430232048 -1.251548529 7.615447998
3.303165674 0.3321208358 7.522269726
1.938886404 0.3091209829 7.969094276
-0.1098135635 0.1310069263 7.876987934
1.903643012 0.2509330213 7.941347122
1.648028851 0.458286643 8.110654831
1.793496013 0.4551152289 8.058754921
1.969080448 0.453063339 7.927467823
2.065264463 0.6049554944 7.980876446
1.76274991 -0.49045825 7.907574654
3.797762156 -0.08441077918 7.320580959
1.386466026 -0.07098027319 8.085240364
1.243781328 -0.09927690774 8.128724098
1.507973433 -0.1557575464 8.01057148
1.813613176 -0.6273295283 7.871370792
0.8736945987 -3.160762548 7.896577358
3.476165295 -3.585020542 6.847358704
3.428390503 -3.654281378 6.806048393
3.967449427 -0.9613268375 7.13993597
3.753349781 -2.197634935 6.985134602
2.990143538 -2.115193367 7.304252625
2.343142748 -2.39667654 7.423467159
1.267349482 -1.826689601 7.835156441
2.287279129 -1.767565966 7.560865402
-0.2286762148 -1.750181794 7.713290691
-0.2008298337 -1.628358245 7.737008572
0.871561408 -2.468142986 7.874799728
-0.2521891594 -2.324790239 7.644877434
4.014819145 4.747936726 7.572822571
4.110079765 4.732489586 7.656460285
3.765360355 4.71018219 7.884956837
4.085617542 4.796505451 7.246421337
4.175797939 4.779088974 7.275127888
3.666682959 1.159135461 7.431153297
4.086039543 4.786611557 7.295362473
3.197032452 4.687325478 8.217639923
3.879434824 4.618670464 7.94153738
2.131210566 4.888625145 7.676329136
3.693625927 1.135014653 7.250270844
3.411746502 4.814409733 7.423043251
3.647435904 1.11423707 7.259080887
3.337990284 2.239126444 7.727958679
2.508609533 2.191354513 9.565018654
2.011898279 2.101147413 8.214941978
0.340003252 2.274071932 7.959692001
1.827670097 1.489488363 8.189570427
3.221469641 1.511369944 7.691533089
2.222406626 1.548009396 8.07503891
-0.06355518848 1.603605628 8.159636497
3.467776775 1.76107657 7.618602753
4.273746014 3.644522905 7.705449581
3.772995234 2.813551664 7.724497795
1.026270509 2.959425449 8.621643066
2.26851511 2.980040789 8.267608643
1.372559547 0.7413415909 8.20898819
3.22393012 1.003553867 7.59619379
1.960855842 0.8955914378 8.09660244
3.668280125 0.9540364146 7.47961998
2.062378883 0.8820278049 7.910993099
3.633468151 4.154675007 7.993371487
4.403989792 4.655555725 7.831494808
3.860374451 4.610460758 7.964734554
3.967716932 4.529683113 7.931094646
0.107894294 2.988036156 8.236260414
0.4259501696 3.872251511 10.0788641
5.030032158 3.792019129 7.507471085
3.340947628 4.824843884 7.183982849
3.837830782 4.782087803 7.46794939
3.975986242 4.783538342 7.375443459
2.832244635 1.706699133 7.910088062
3.236614227 1.732802868 7.743299007
4.547163963 1.853050828 7.372545719
1.460919023 1.638082862 8.310165405
3.450937748 1.829236984 7.677401543
3.433310509 2.033185959 7.705244064
1.50259912 1.958590984 8.345707893
2.096360683 1.856446505 8.169894218
4.517701149 1.680458069 7.410284996
3.288107395 1.187849045 7.456649303
3.245019674 1.463833809 7.65841198
1.827575445 1.437146664 8.183980942
3.25574708 1.518661261 7.665548801
3.996173859 2.840750694 7.674323082
3.780053854 2.826242208 7.695284843
2.37495923 3.049915791 8.203079224
3.789163351 2.964936733 7.765475273
1.653220892 2.885817766 8.427867889
3.340831995 2.229036093 7.750950813
0.07128864527 2.094847679 8.120472908
1.104359746 2.027930021 8.553997993
0.8909885287 -1.893139958 7.954856873
2.140409946 -0.1216789633 7.8578372
2.640602827 -0.05948536098 7.699867249
1.929791451 0.2454049885 7.939487934
-0.2012137175 -3.467585325 7.473101616
-0.06170708314 -3.546133041 7.387535572
-0.2625513077 -3.410400867 7.507838726
2.145111561 0.03290284425 7.918017864
2.092682838 -0.08738991618 7.867055893
3.399092197 0.2068749964 7.457251072
3.611881256 0.1110693738 7.388028145
-0.7139157057 -0.1020842567 6.170077324
1.633423209 -0.298948437 7.977954865
1.792741179 -0.4964060783 7.898373127
1.794214249 -0.4557150006 7.902166367
2.216955662 -0.428052485 7.777062893
2.079311848 -0.4477250278 7.815927982
1.585999131 -0.2178209573 7.988569736
2.235112429 -0.1683475822 7.795278072
2.082033634 -0.2427205294 7.808614254
0.07484063506 0.738723278 7.933634281
1.815462828 0.8508098722 8.092045784
1.867490172 0.8589878082 8.08560276
1.508030057 0.6670407653 8.148177147
0.117242679 0.6669701338 7.915665627
3.64806056 0.9722833037 7.443448544
1.918144941 0.9474755526 8.10173893
1.507416844 0.6398000717 8.148877144
0.1301585734 0.5900120139 7.88882494
1.817620754 0.4802566171 8.071328163
1.292986155 0.5093282461 8.243041992
2.896574974 -1.459216356 7.438108444
2.913676023 -1.203009725 7.430046082
0.01001771167 -1.530745387 7.590084553
-0.4323471785 -1.61988759 7.717338562
2.145011902 -0.8598029017 7.776512146
1.742566705 -0.9081154466 7.843194962
2.04366231 -0.7568881512 7.810092449
1.015381217 -0.7321317792 8.071910858
1.25192678 -0.7770962715 8.018797874
3.35717535 -1.029005647 7.227321625
-0.1819693297 -0.9544440508 7.818984509
2.74298048 -1.012496114 7.520100594
3.011202335 -2.381689548 7.245666981
0.07567358762 -0.1722004563 7.856676579
2.02985096 -0.0004796830472 7.901749611
1.956033826 -0.8915315866 7.842401505
3.619788408 0.2224440873 7.415507793
-0.08027904481 0.4371005297 8.005688667
2.017380714 0.4119659662 9.205931664
-0.4228178263 1.024775743 8.102025032
2.20732832 0.7849800587 8.241861343
-0.02867924422 0.8158507347 8.048640251
1.033569694 0.9252344966 8.357534409
1.527394295 0.9416382909 8.194619179
2.353979111 1.018098235 7.976922035
0.08265403658 -0.3914658427 7.806121826
2.052909851 0.1678147167 7.90891552
1.977518797 -0.3189409971 7.867070675
2.655091763 0.01320273709 7.74120903
1.731410742 0.0815249458 8.009220123
2.021286011 3.812202454 8.500330925
0.1264217794 3.52961278 8.311473846
0.1930858791 2.843417406 7.813223362
1.164354205 3.401131392 8.592658043
2.762225389 1.611073017 7.91681385
3.220048666 1.639721155 7.747476578
5.417531967 1.40353024 8.171766281
2.013952255 1.245846987 7.39634037
3.719812393 1.593018174 7.607398987
1.469625354 1.756297112 8.320049286
0.07105276734 2.142219782 8.12670517
3.251169205 1.870051146 7.725038528
2.096232414 1.896005034 8.17133522
3.344677925 2.186824083 7.731635571
1.584709644 2.021905184 8.326420784
-0.004339841194 -1.857451916 7.614812374
2.994449377 -2.456403017 7.262982845
3.545284271 -1.11593771 7.2240839
1.323388457 -1.074534535 7.929898262
1.201033235 -1.254953146 7.930334091
0.872948885 -1.360808611 8.034580231
0.1117763147 -3.593492985 7.153998852
3.305780649 -3.675460339 6.885027885
1.76684165 -3.230294228 7.475876808
2.219702721 -0.9828660488 7.736031055
1.420590878 -1.095660686 7.919010639
3.8551898 -3.08535552 6.891922951
2.572965384 1.500764012 7.960835934
0.2465577126 1.352280617 8.129248619
2.451577902 -1.1888901 7.618584156
3.188670158 0.3971079588 7.617145538
3.46532774 0.4885692 7.504684925
1.31998086 0.0538908653 8.103126526
0.9869920611 0.1553072333 8.253212929
-0.7695982456 0.280595839 6.902849197
2.829869986 -0.8599231243 7.659889698
3.401934862 -0.6845777631 7.395109653
1.49696672 1.173789859 8.238926888
1.350085735 -0.9247382283 8.004808426
1.243078589 -0.6270312071 8.0287323
2.465041399 -0.6513053179 7.730760098
1.928141117 1.112949729 8.114300728
1.597099543 -0.5630729198 7.930719852
1.371298909 0.5678156614 8.179141045
0.9263164997 -0.5093414187 8.162752151
0.1772117913 2.839515924 8.280295372
0.225498572 3.0480268 8.286758423
0.1856061816 3.117831469 8.320196152
4.095189571 4.68653965 7.883181095
-0.3891838491 -3.492395878 7.529452324
3.313779831 2.216962337 7.750856876
3.331365824 1.741338372 7.620953083
3.34849143 2.548798084 7.815865517
4.164221287 1.82233727 7.501740456
3.327808142 1.931883931 7.635398865
0.1349564493 -2.886283398 7.322048664
1.642429709 4.889649391 8.0310812
3.261580706 2.366481066 7.849618435
0.2028715312 1.839599729 8.048016548
3.103131294 1.678069949 7.856556892
0.1830247045 3.223788738 8.25741291
0.2185342312 3.030726671 8.335108757
0.06690508872 0.2719486952 7.936696529
3.764743805 1.615275145 7.565826416
0.04123036563 1.458201885 8.118780136
0.03754383326 1.37991488 8.112272263
1.40383935 1.327529311 8.279693604
3.268915653 1.175435066 7.585786819
1.625794888 1.112483382 8.192538261
3.167371035 1.030191422 7.738820076
0.03182825074 1.181319952 8.086071968
3.780394554 4.69797039 7.964931965
3.858724117 4.659664154 7.969970703
0.1342402548 -2.160194874 6.780791759
-0.09732055664 -2.664579153 7.556661129
2.594424725 1.357538939 7.966565609
0.9925851226 -0.8735762239 8.052501678
0.08430146426 -3.379960299 7.185221672
2.668060064 -0.7262002826 7.574903011
1.536206245 -0.7554047704 7.920603752
-0.7519376874 -1.376130342 8.474389076
0.1821481138 0.07614100724 7.652616978
3.677956343 0.01030142605 7.353250504
2.38173461 -2.430719137 7.491865635
2.931077003 -2.515603781 7.298333168
3.754467487 1.40421927 7.52857399
1.624829173 0.9773440957 8.168769836
2.420875311 3.958696604 8.595902443
3.888049841 -1.495028496 7.106173515
2.964144468 -1.467946291 7.43024683
1.719178677 -0.1336926818 7.977751255
3.802476406 -2.494795799 6.962886333
1.126840949 -0.269033283 8.108789444
4.160455704 4.751501083 7.524510384
0.2217026204 1.92945385 8.101876259
3.649096012 -3.198235035 6.795013905
4.383075714 4.679712772 7.731702805
4.0563097 4.623104095 7.921085358
4.070750713 2.98717761 7.690554619
3.829717398 2.756860733 7.70297575
1.672288418 -3.215981483 7.510080338
0.1986947805 2.552046061 8.138103485
1.081673861 -0.9968960881 7.999344349
1.062034726 -1.258435965 7.974056721
3.774166346 -1.677990437 7.150883675
0.1423551887 -0.03966939077 7.912425995
3.212360144 2.580899954 7.882772923
3.376043081 2.077492237 7.741839409
1.134847045 -0.07010115683 8.125809669
3.15577054 1.253335238 7.817477703
3.630746841 4.671248436 8.0685215
-0.4149687886 -1.890043139 5.732012272
3.910336494 -1.3978405 6.834217072
3.90242815 4.564968109 7.959692955
3.951025248 -1.076715589 7.177302837
3.913640499 4.600521564 7.956883907
1.035214186 0.8768357635 8.355622292
5.938528061 -2.450155258 6.338328362
3.970249414 2.634486914 7.808255672
1.641652107 2.403332949 8.381821632
3.71894002 1.791631579 7.611392975
-0.9365661144 -2.023323059 6.757154465
2.996655703 -2.143805027 7.267308235
4.217411518 -2.070505857 6.903460979
-0.05087124556 -1.788255334 7.660601139
2.099792719 -2.210367441 7.638325214
3.192786694 -2.150247812 6.915351391
3.513659477 -3.680801153 6.8085289
1.520835876 0.1885605752 8.078342438
4.671648979 -3.235462666 6.627452374
1.815423727 -0.5838515162 7.868874073
5.722613335 -0.3188854158 6.692946911
1.795356393 -0.6375918388 7.869328022
2.332658768 -0.5615842342 7.722295761
1.577204704 -0.5071648955 7.954002857
1.786435246 -0.5384095311 7.883500576
1.855081558 -0.8521457314 7.826198578
1.882492423 -0.686735034 7.267967701
2.290516853 -0.164906472 7.808580399
1.528178453 -0.1084621847 8.032155037
1.228136063 -0.1754885912 8.109934807
2.296173573 -0.4212981164 7.776061535
1.730291605 -0.4218534231 7.399163246
1.895547986 -1.345495343 7.739304066
3.64750576 -1.365762591 7.123442173
4.300660133 -1.360604882 6.970635891
1.926012516 -1.807693601 7.666148663
1.825582862 -0.998513937 7.813668728
2.165553331 -0.9204567075 7.754147053
2.762607813 -0.9076847434 7.582949162
1.827618003 -1.131451249 7.791890144
2.188009024 1.686210275 8.099397659
3.405495644 2.514373779 7.773573399
3.273974657 2.346963406 7.802167416
1.31383121 1.106360435 8.2682724
5.011161327 2.048320293 7.251876354
3.789232731 1.82160151 7.584515095
3.220855713 1.518502116 7.670938015
1.298168898 1.303133249 8.311181068
2.104110479 1.500686049 8.099793434
2.115706444 1.578457236 8.109525681
1.423278928 2.600219011 8.434214592
1.659559727 2.46912694 8.371439934
3.638609409 1.264027238 7.295811653
2.668982267 1.031477213 7.853023052
3.96893692 1.653118014 7.542805672
3.664731979 0.8502092361 7.511173248
6.134480476 1.246046424 6.801585674
5.051247597 1.163242459 7.154303074
2.704179287 0.696388185 7.807170868
1.189275503 0.3941890895 8.190696716
1.523530245 0.6707823873 8.143369675
2.0675354 0.6624554396 7.948421001
1.825224042 1.35006237 8.161272049
2.915673494 1.640707254 7.8467803
4.859717369 2.239155769 7.33788538
3.782913446 1.414572716 7.502362251
1.589805961 1.137150764 8.203889847
3.220253706 1.468343496 7.722787857
1.375169516 1.413602114 8.311295509
2.052819967 1.639690638 8.125187874
3.726196289 1.997491956 7.636813164
2.188982248 1.836088896 8.122479439
1.829678535 0.2965502143 7.993412018
1.267511487 -0.01120814774 8.115650177
1.534734368 -0.01726737805 8.039931297
2.238902569 0.1108343154 7.87222147
3.193292141 0.2666257322 7.579043865
0.9772493839 0.07357428223 8.271325111
1.411461949 0.08594652265 8.096021652
1.365269303 0.6616496444 8.203326225
3.199244022 1.104516745 7.629881859
1.630566597 0.6907598972 8.120432854
2.728150129 0.7128395438 7.78203249
3.002389669 4.698684692 8.25326252
2.206409216 2.971815348 8.268019676
3.721165419 2.858119965 7.821634293
3.257106543 2.939479589 7.952661991
3.917517662 4.568634033 7.935943127
1.908331513 3.09042716 8.410240173
0.8697757721 -3.107671976 7.81983757
1.895954967 -1.892406702 4.915190697
3.427777529 -2.789240122 6.674152851
-0.2610194683 -2.490275621 7.621961594
1.986763 -1.918992162 7.630991936
3.21255827 -0.0536631532 7.526980877
-0.1301890314 -3.556968689 7.428238869
1.143431902 -0.682577014 8.051337242
4.699281693 -0.727953434 6.936789513
2.042107821 -0.9101446271 7.752377033
1.845256448 -0.9016379714 7.824593544
1.35836637 -0.9294396043 7.970746994
1.631153107 -0.972658813 7.872065067
1.862268686 -0.7427219152 7.248437405
1.917857051 -0.7756069303 7.81447506
1.857534289 -0.8821285963 7.808972836
1.074372411 -0.9260587692 8.047881126
1.909558177 -0.8212978244 7.808544636
1.996272802 -0.2354772836 7.846790791
0.9331899285 -0.3574098051 8.152873993
1.575419784 -0.1193702221 8.006814003
1.89939487 -1.800651431 7.673854351
2.07493639 -1.785601616 7.632049561
1.540704012 -1.605639696 7.808638573
1.54143405 -1.646184444 7.809261322
4.220704556 -0.9079442024 7.073586464
1.310076475 -1.048717737 7.95996666
4.207653999 -1.342839837 7.02803421
1.577193022 -1.397204518 7.825150013
4.107335091 -1.409216642 7.057484627
1.579225302 -1.273623228 7.849907875
2.103744984 0.8640818596 7.996742725
-0.2228666097 -1.668413639 7.72710371
3.967988014 4.492704868 7.914467335
5.393977165 3.067855597 7.250284195
1.445431828 1.918400526 8.367984772
2.813892603 4.697755337 8.310468674
2.25491786 -0.5217994452 7.738530636
2.012990475 -0.290265739 7.84207058
3.931137085 4.597105026 7.928195
1.918105245 0.2100687176 7.944830894
4.610358715 0.7642587423 6.795969963
2.014406204 0.4502976537 7.941007614
1.471289635 -0.2881923914 8.011960983
1.358572125 -0.2720739543 8.065777779
1.412963629 0.05853743106 8.087107658
5.650301456 0.7421742678 6.8664217
3.216300726 0.272265017 7.552403927
1.463965535 1.212984443 8.245373726
2.155894756 1.383144855 8.073040962
6.464907646 2.450292587 7.070035458
1.338455081 0.6469835043 8.206084251
1.509216189 0.593673408 8.143187523
1.340523601 0.7491490245 8.210717201
1.559537053 -1.499011517 7.816987038
4.4490242 -1.364337921 6.924467564
4.154353619 -1.564389229 6.981520176
0.01717116684 -1.441271782 7.675162315
1.22753799 -0.4035067856 8.077752113
1.663726926 -0.3618261814 7.946191311
2.888124228 -1.281256318 7.44055748
1.525717854 -1.701240301 7.801239967
1.955453157 -0.7363259196 7.799256325
1.824880004 -0.7032132745 7.848976612
1.360149384 -0.897685349 7.980757236
1.377070546 -0.8856557608 7.965888023
1.107529879 -0.8940402269 8.032600403
1.533028364 -0.8725749254 7.91757679
1.203493476 -0.4216190279 8.084062576
1.20928216 -1.116619825 7.97749424
2.972898245 -1.119330406 7.419528961
2.918121576 -1.098539114 7.443859577
1.46350801 -0.9902921319 7.91902256
1.613219619 -0.9469385743 7.886286259
1.338832498 -0.9473587275 7.959623337
1.601109028 -0.9841256738 7.874970913
-0.08239740133 -3.103484154 7.723584652
0.8861636519 -2.51399827 7.870809555
-0.07267470658 -2.450458765 7.573969841
-0.2554978132 -2.803693056 7.58194828
0.6948820949 -3.723354101 6.88872385
1.976254106 0.09287057072 7.910192013
1.917942166 0.1516613513 7.92698431
1.966291904 0.1676607728 7.917208672
1.554418325 0.229868874 8.064108849
5.881366253 0.5296614766 6.775649548
1.973983407 -0.01329600811 7.88417387
1.436759114 -0.08100905269 8.054584503
1.539944291 0.5667708516 8.124567986
1.168901682 -0.6802375317 8.042211533
1.206942797 -0.6531251073 8.041329384
1.211526513 -0.5934733152 8.04792881
1.746955752 -0.8559958339 7.854540348
4.985627651 -0.6043995023 6.904873848
1.215527058 -0.8431143165 8.005531311
1.537740707 -0.8177317381 7.921704769
1.219684958 -0.7877057791 8.011735916
1.18651998 -0.7849304676 8.022582054
5.069869041 -0.3916420639 6.878210068
1.403323531 -0.3029892445 8.029841423
1.197696447 -0.3083395362 8.091656685
1.63678813 -0.5458067656 7.924837112
1.644164205 -0.2297773808 7.97550106
1.055456758 -0.2839097977 8.137831688
2.268173695 -0.09232519567 7.822291851
2.062601328 -0.3046868145 7.809051514
1.618404269 -0.3815744519 7.960748196
3.952302933 2.542015791 7.645899773
1.902062416 2.055202246 8.247684479
1.378389955 0.7688623667 8.214020729
1.517773986 0.8989882469 8.181623459
1.503761888 1.233913541 8.245607376
-0.309381634 -3.47865653 7.506930351
-0.3265070319 -3.438239574 7.513551712
-0.2365195453 -3.385716438 7.497918606
3.875801563 -1.418044806 7.117033482
1.919283509 -1.844999194 7.657046318
1.515973926 -1.048741579 7.895495892
1.437010765 -0.96006459 7.934361458
1.482982039 -1.299510002 7.863094807
2.570230007 -1.257744312 7.586262226
2.180635214 -1.206230998 7.669309139
1.493879318 -1.245439887 7.877033234
5.8214674 -2.577096701 6.337461948
3.278003454 2.49313736 7.841538906
1.30695796 0.6998813748 8.226835251
1.635875463 0.6037698984 8.098508835
1.581633568 1.140734434 8.202425003
1.355636716 1.157664061 8.275479317
3.161557674 1.351734877 7.752849102
1.538274527 1.202817559 8.225973129
1.52535975 1.023846626 8.208815575
1.340596914 1.008374929 8.254150391
2.746149063 4.707324505 8.326441765
4.084402561 3.73300004 7.784330368
1.180408359 3.216005325 8.618848801
1.614087105 -2.498167992 7.679784298
1.016455173 -1.219138265 8.017734528
3.074058294 -1.621658206 6.688446999
1.43183136 -0.9954379797 7.933526039
1.360327601 -0.1544644237 8.063798904
2.264621496 0.1310362667 7.851480007
1.598345399 -0.2340408564 7.986992359
1.562921882 -0.2078310698 8.007397652
1.225440621 -0.7400429845 8.017947197
1.301496506 -0.7174463868 8.012556076
5.034099102 -0.6681385636 6.845974922
1.94694984 -0.9715209603 7.774982929
3.67001152 0.8564305305 7.477822304
3.915643692 4.55677557 7.929165363
3.266795397 3.821799278 8.090888023
1.310046554 1.21720922 8.302352905
1.414109468 1.396916389 8.288531303
1.316105366 -1.660732865 7.878849983
2.592750549 -0.6291760206 7.627160072
1.052766323 -0.8868182898 8.046852112
1.305965424 -0.9869551659 7.972005844
-0.1884382069 -3.182464838 7.513219357
-0.09475439042 -2.599097729 7.563145638
2.10225153 -3.460068464 8.024138451
1.270253778 0.7697840929 8.238895416
1.510118008 0.8331049085 8.17986393
1.360419512 0.6887804866 8.207638741
1.089462638 0.5035348535 8.276260376
1.201784253 0.5060717463 8.264765739
1.684211612 0.5728015304 8.077530861
1.303789616 1.14257741 8.282831192
0.9364107847 0.198534593 8.253060341
1.69323945 0.7597980499 8.116183281
5.313951492 1.545500994 7.089636803
1.929544449 2.933748245 8.342112541
-0.3338141441 -3.486060858 7.512903214
1.371995926 -0.9611061215 7.958650589
1.262978196 -0.07497274131 8.123358727
1.256731629 -1.474012136 7.910870552
1.806936264 -1.347721338 7.763926983
1.16905117 -1.264041543 7.963536263
1.058314323 0.03799241036 8.185303688
1.179748178 -0.09815529734 8.126871109
1.691543698 0.1122543439 8.03704834
1.285960913 0.1163028404 8.166735649
1.421962023 0.1165464148 8.134953499
0.8343493938 -2.133439302 7.977259636
1.858512759 -0.6427568793 7.859568119
1.364734292 -0.7357128859 7.992518425
1.733702779 -1.202841043 7.80350256
1.796810627 0.7167114615 8.092206955
4.114505291 -0.9144162536 7.133089542
0.8755745292 -3.004607201 7.76428318
4.066955566 3.63534832 7.764347076
1.074074149 -0.7851613164 8.056501389
-0.09517990053 -3.614300013 7.337183475
2.245887041 -1.352111578 7.625494957
4.90812397 0.535253644 7.104660511
6.070078373 3.628764629 7.045824528
4.56219101 2.79962039 7.570814133
6.267582417 1.575338483 5.829829693
4.199337006 1.552926064 7.515257835
5.673228741 0.4252103567 6.936599731
6.095300198 0.7209205031 6.909911156
6.102897644 -0.5056812763 6.562614918
5.565578938 0.05365606397 6.79353857
4.655285358 -0.2574642301 7.027697563
4.930427074 0.02916462906 6.9372015
4.873319626 -0.0952879712 6.96389389
4.795137882 -0.1793153137 7.00677824
7.937359333 -0.5676678419 6.052414894
6.161925793 -0.4948735535 6.428314209
8.072823524 0.795021832 6.010648251
7.887672901 0.7990290523 6.208168507
7.786797047 0.1228279322 5.958143234
8.007622719 -0.07788450271 5.118166447
4.413236618 -2.72556591 6.678864002
5.051058769 -2.955654144 6.495821953
5.99982214 -3.275384665 5.32017374
5.374805927 0.008188757114 6.446296215
6.069734573 -3.060637951 5.389990807
4.894164562 -3.251399994 6.473052025
5.951645851 -1.945153713 6.320604324
6.180758476 -1.673617601 5.554754734
6.696192741 -1.534831524 6.196544647
6.065331936 -2.296539307 5.459776402
6.295392036 1.766546369 5.981759548
7.11038065 1.72475338 3.980917215
7.127655029 1.86482656 4.327668667
6.184975624 2.654159307 6.917417049
7.513836384 2.565073967 6.5198493
5.667788982 2.837205887 7.116981506
5.87381506 1.311383367 6.850126266
4.931325436 3.423777819 7.318167686
4.549752235 1.558649063 7.310228348
7.447778702 1.094970703 4.618031502
4.497827053 4.54349947 7.072673321
5.569595814 4.685515881 7.089080334
7.083675385 3.961280584 6.708464146
7.927992821 1.092371464 6.089257717
4.295189381 4.735916138 7.748044968
7.181886196 2.158713341 4.044868469
7.200590134 2.150571108 4.047092915
6.844971657 2.345393181 4.311288357
7.455295086 1.132863402 4.584086418
4.623159409 1.811224222 7.356098652
4.875125885 2.768082857 7.38660574
4.238848686 2.802779436 7.588251591
7.218244076 1.294283628 4.16787529
4.677684784 4.737695694 6.932262897
6.300674438 4.647006989 7.117808342
5.19907999 4.681311131 7.588969231
5.111056805 4.659359932 7.578090191
6.969211578 -2.520659208 5.962873459
7.932930946 -1.990942359 4.917824268
6.070280075 -3.181954145 5.37467289
6.622722149 -3.75907445 5.856110573
5.019881725 0.4108664691 7.005924225
6.659056187 0.2450094521 6.549674988
6.094736099 -3.117209196 5.383761406
6.770914555 0.2974177897 6.384405136
7.397871017 0.3170470595 6.190581799
8.161371231 0.3911674023 6.02398777
6.28017664 1.120546818 5.859775543
8.033250809 1.186655879 6.13704443
4.736775875 1.145119309 7.178325653
7.998696327 0.9212976098 6.074320793
6.772108078 0.94740659 6.420511723
7.50799942 -0.6624786854 6.005550385
8.07985878 -0.6356064677 5.737279892
4.896105766 -0.8033621907 6.891109467
4.93119669 -0.04828989878 6.972700596
7.459379196 0.009889898822 6.156219959
7.708098412 -0.02992256731 6.066322803
6.164935112 -0.4029503465 5.733130932
5.045370102 -0.1115387157 6.930070877
6.834143639 2.413556576 4.301234245
5.881187439 0.4118473828 6.681680679
7.108696461 1.80229497 3.787823677
4.332859993 2.793610573 7.607996941
6.99515295 4.507730484 6.821005821
4.621989727 4.731874943 6.956111431
6.956951618 4.436269283 6.759664059
5.045642376 3.769765377 7.495717525
5.056612015 4.661834717 7.592287064
6.122988224 -1.116428256 5.617722034
4.251785755 -1.179896712 7.067782402
6.21325922 -0.8754278421 5.64716959
6.233135223 -1.492068768 5.607031345
6.16588974 -1.251490116 5.559278488
4.738104343 -0.524518013 6.952983379
5.734086037 -0.6268286705 6.59176445
4.720060349 -0.5671579242 6.938401699
6.220510006 -0.526717186 5.673187256
7.950057507 -0.8127136827 4.995084763
7.630074978 -0.903806746 5.897130013
6.824861526 -0.9470361471 6.195744038
7.950289726 -0.7378124595 4.992409229
4.557759762 -0.6735184789 6.969329357
6.220762253 -0.7105666995 5.634864807
7.278254986 -3.162401915 5.638171673
7.287035942 -3.223371506 5.773442268
5.864782333 -3.274183273 6.172761917
7.878484726 -2.813838005 4.678369045
6.496875763 -3.574574709 5.937763214
6.414796352 -3.558815479 5.905106068
6.644479275 -3.648933887 5.863366127
6.042649746 -3.362313747 5.276735783
6.701331615 -3.690837383 5.722410679
6.583965778 -3.733999729 5.79991293
6.630228996 -3.657987595 5.846341133
6.706166744 -3.51889205 5.833906174
6.739024639 -3.570934534 5.845293045
7.885843754 -2.446302891 5.501773834
5.942577839 -2.436014414 6.238112926
7.622391701 -2.144154549 5.714565277
7.410429955 -2.278264523 5.85488987
6.089245319 -2.027966499 5.502645016
6.784217358 0.6341465116 6.420929909
6.287531376 0.8925529718 6.600370407
7.419748306 1.165482402 4.634337902
6.749715328 -0.1278724223 6.334016323
8.12952137 -0.1566478163 4.935043812
4.968113899 -0.1699796915 6.970564365
8.095542908 -0.4408374131 5.256833553
7.993370056 -0.008941574953 5.10020113
6.948041916 0.1372321546 6.225605488
5.513031483 0.3369538188 6.546428204
5.132577419 0.1536168456 6.955686092
5.219320297 0.4507645369 7.006293297
6.140724182 -2.359316826 5.414349556
5.806511402 -3.166334867 6.211654663
5.890949726 -3.247579813 6.129916191
6.150949001 -2.664355755 5.455001831
7.522350788 -2.908112526 5.624352932
7.506431103 -3.167749405 5.556400776
6.663836956 -3.373576641 5.88748312
6.069092274 -2.612791538 5.483427048
6.214010239 4.725224495 6.889413357
6.086688995 -3.505767107 5.283964157
6.607234955 -0.5689045787 6.364198208
4.446378231 -1.049818397 6.934942245
7.148684978 1.658097863 3.815054417
7.144039631 1.852454066 4.232342243
7.356439114 1.479750276 4.753466606
6.324943066 1.834353447 5.92202282
7.261836052 1.931319833 6.518736362
5.786245823 2.792282581 7.007963181
5.663514137 2.860478163 7.112307072
7.232841015 1.602014065 3.941816807
7.132413387 1.684651613 4.380547047
5.815057755 4.73051405 6.934966087
7.11040163 2.194473267 3.836838722
7.062942505 2.273485899 3.969965696
6.202875137 4.653908253 7.209797382
7.097624302 -0.1374113709 6.370519638
4.475372791 -0.8404532671 7.003230095
7.860093117 -0.4824199677 4.856743336
8.060306549 -0.2210543901 5.03342104
7.835286617 -0.6329190731 5.978955269
7.638616085 -1.509994626 5.891171455
6.171387196 -1.313742995 5.568304539
6.999063015 -1.316594958 6.079606056
6.942341805 -1.318741202 6.234372616
6.158334732 -1.413268566 5.588990688
6.17681694 -1.385908365 5.58415699
6.186351299 -0.9319877028 5.625123024
7.858976841 -0.9738096595 4.827124596
6.159827709 -0.9172924161 5.628840923
6.226511478 -1.068079591 5.630737305
7.862087727 0.8141733408 6.221190929
7.810248852 1.021161079 6.118992329
4.954285145 1.367321849 7.202620506
7.191888809 1.718917251 6.356434822
7.14331913 1.691492915 6.310350895
6.297884941 1.76068294 6.739507198
7.430707455 1.114409804 4.627512455
7.002104759 0.4492400587 6.378661633
7.7030406 -0.1484087855 6.075130939
6.106992245 -0.07063049823 6.525369167
6.991767406 0.0588661693 6.364598274
5.121833324 0.2401785851 6.913807392
7.030925751 0.628134191 6.461705685
7.772449017 0.52696383 6.122741222
7.881008148 0.4012749493 5.959651947
7.124293804 1.696320653 4.135818958
7.177023888 1.595301747 3.976917028
6.32935524 2.89582634 6.096376896
6.262194633 1.570703983 6.734722614
6.363877296 1.955383182 5.950035572
4.483170509 4.664087296 7.055402279
6.880113125 2.447972536 4.343117237
4.902983665 4.686439514 7.625459194
7.602195263 -2.012485504 5.81343174
6.158567429 -1.693240166 5.538247108
7.041594028 -2.061981678 6.083276749
6.727339268 -2.29751873 6.046478271
4.219459057 -2.125786781 6.955338001
4.68627882 -2.236373663 6.69310379
5.845917225 -1.277603269 6.418823719
6.199546337 -1.512898326 5.547305584
4.188249111 -1.539015412 6.966842651
7.056465626 -2.38258791 5.928264618
7.697947502 -2.73998785 5.613007069
7.912480831 -2.178591967 4.797532558
7.52549839 -3.156046152 5.590030193
5.715091228 -2.839419365 6.317384243
7.094891548 0.4291010499 6.33002758
4.935968399 0.7377828956 7.090473175
7.942179203 0.5813538432 6.073297024
5.092221737 0.7816016078 7.041549206
7.682317257 0.02619172819 6.057017803
8.039317131 1.056401968 5.392543793
6.83697176 0.7836252451 6.415009975
7.041971684 -0.8233213425 6.190513134
6.198531628 -0.6823680997 5.656625271
7.791133404 -1.076692581 5.843119621
4.879068851 -0.8591678143 6.84943676
6.189548016 -0.8318719268 5.616636753
6.230751514 -0.5545343161 5.560777664
5.084648609 -2.504817963 6.497005939
5.325768948 3.829591274 7.362991333
6.840423584 2.372116566 4.335157871
7.136393547 2.332104683 4.204584599
6.191766739 4.728522778 6.654818535
6.103782177 4.739557743 6.615384579
5.91507864 2.16149044 6.944524765
6.874446392 1.16106379 6.241390228
6.936546326 1.4677881 6.03392458
5.210614204 3.435478687 7.303241253
6.335686207 2.468390703 6.146308422
7.166529655 1.612462997 3.894152641
5.889190674 -0.3196227551 6.54554224
6.644556522 -0.6346064806 6.286553383
6.671958447 -0.6781392097 6.292554379
6.795231819 0.8189905286 6.428166866
7.868983269 -0.1491506398 5.944459438
8.083060265 0.342178911 5.85580349
6.869506836 -2.447392464 6.064795971
6.978644371 -2.574357986 6.044526577
6.120539188 -1.603234053 5.627652645
7.52227211 -2.559654236 5.657230854
6.900758266 -3.168489933 5.895824432
4.691566944 -0.7775865197 6.897769928
6.130013943 -1.43564105 5.63876009
4.608188152 4.516034126 7.349392891
6.329694271 4.718846321 6.744801521
4.306328297 -2.028582811 5.674358368
4.428864002 4.62270546 7.020669937
6.250239372 0.9807921648 5.886556149
7.937847137 0.3233191967 5.964337349
7.0695858 1.603749871 6.129366875
7.340968132 1.515280962 4.610242844
7.029386044 -2.646801233 6.093578815
5.004277229 3.796731234 7.526415348
6.075484753 -3.461286306 5.308118343
6.13038969 -2.81490469 5.472151756
6.524922371 -3.608124018 5.943044186
6.100104332 -3.191609383 5.372344494
7.153068542 -3.289087772 5.899126053
5.377404213 -2.125880003 6.575831413
7.762449741 0.08194134384 6.045478344
7.740829945 -1.19640553 5.944040775
7.189714909 1.839180589 6.373284817
6.764242172 1.019546747 6.475283146
7.757941723 -2.175980806 5.707694054
7.679385662 -2.188780069 5.723020077
7.497717857 -3.111047506 5.386651993
6.241261959 0.4831332862 5.86815834
7.688039303 -1.800899029 5.834164619
5.838684082 -3.27165103 6.203518391
4.970998287 -3.085451365 6.492497921
7.160223961 1.684359431 4.374813557
4.716910839 4.613088131 7.506211758
6.572718143 -0.8675840497 6.229109764
6.8388381 -3.335496902 5.990044117
7.605401516 -3.26260972 5.547376633
5.713867188 0.3923544884 6.790361404
5.573016167 0.3984501958 6.866493225
6.698355675 1.140763521 6.332718849
5.270859718 2.962058067 7.224452496
7.668209553 0.4932598472 6.156239986
7.855036259 1.228649378 6.290551186
5.88256073 -1.441353679 6.510221004
7.858604431 -0.7504909635 5.872839928
6.081096172 -0.5247051716 6.441972256
7.192595482 -0.1426090896 6.249094009
7.79922533 0.2280097753 6.112839699
7.790505886 0.4384887516 6.119792938
7.787992477 0.7011478543 6.117077827
7.180947781 -2.811249495 5.236395359
6.922110558 -3.312265158 6.007094383
3.260575056 2.790991068 7.925963879
3.890242815 4.418189526 7.929124832
3.39734602 0.9369040132 7.548303604
6.92464447 0.8154224157 6.439702034
3.779669285 -2.435562611 7.002207756
6.96080637 0.8151697516 6.43741703
6.746485233 0.9426875114 6.40459013
6.991977692 1.516112924 6.04502821
6.870096684 0.8470908999 6.396922112
6.854964256 0.7912051082 6.403130531
7.395388126 1.505198002 4.726252556
3.624140501 3.826463938 7.956478596
3.290210962 3.843291283 8.12651825
3.550403357 0.1937059462 7.366285324
6.221800804 -0.2770670354 5.736485958
6.223275185 -0.3143313825 5.737586021
3.451797724 -1.455827713 7.192878723
6.808929443 0.8077757955 6.398951054
6.890277863 2.357114553 4.315500736
6.784501553 0.868098557 6.459330082
7.19997406 2.533399343 6.58130312
7.370512486 1.511815429 4.710202217
6.257413387 -0.1121331453 5.767005444
6.932979107 0.8538839817 6.440536499
6.865298271 0.8031844497 6.38208437
6.817988396 0.752912581 6.440472603
7.643780231 -1.273004651 5.920877934
6.967494965 1.534206629 6.025446892
7.13915062 2.629018784 6.605595112
6.871713638 2.374659061 4.318088531
6.903799534 2.339336395 4.305281162
4.268677711 2.895505428 7.590675831
3.186266422 2.660028219 7.938933849
6.989000797 1.888998389 6.287468433
3.227874279 2.915755987 7.981291294
6.837965012 0.8744621873 6.405014992
5.731606007 -2.091911077 6.32688427
7.536275864 -1.091645718 5.983748436
7.585830688 -1.091374755 5.968800545
5.89575243 -2.174765587 6.340850353
6.986397743 -0.3220068216 6.178706169
5.72126627 -3.271091223 6.33850193
3.40097332 2.523544312 7.806879044
4.756309509 -0.5174264908 6.892305374
3.83032012 -0.5918422341 7.368312359
5.918763161 0.8599659204 6.757037163
5.929934978 0.3892711103 7.019569397
3.564460278 0.6280865669 7.47379303
3.33724165 -2.751806736 7.063838959
5.75090313 -2.030728817 6.234579563
6.782448292 1.003846407 6.375461578
3.747948408 -1.463630557 7.176514149
6.928104877 -2.129559755 6.087753296
6.825040817 -2.063422918 6.083367825
3.428433657 -3.670518875 6.802922249
3.439653158 -3.532650709 6.834752083
6.934148788 1.396816254 6.028730392
3.346584558 2.540106535 7.82800293
3.877776384 2.955709219 7.724093437
3.798128366 2.761396408 7.725070477
7.226124763 1.244633913 4.169249535
3.808573961 2.900390863 7.739867687
3.811556339 2.8308599 7.685938358
3.595110893 1.468898177 7.597904682
6.266422272 1.513413429 6.674939156
3.248153925 2.710577011 7.957871437
5.410088539 2.240880251 7.142879963
3.87550807 2.721674919 7.702394009
3.798558712 2.704514742 7.721643448
3.482431889 2.333148718 7.733671665
3.487075329 2.548051119 7.784239769
6.185431004 0.3984538913 5.728027344
6.78861475 0.9260849357 6.424137592
3.406692505 1.122329712 7.591819763
7.307549953 2.116238117 4.042639256
6.889410019 2.848402977 6.701070309
6.835429668 -2.188534975 6.05323267
3.858649731 -3.870322466 6.057202816
3.652714491 -3.498028994 6.820014
3.465260267 -3.582746506 6.794031143
3.829768419 -0.1676481664 7.292295933
4.596267223 -0.5583970547 7.059836388
3.656523466 -0.2935438454 7.315415859
7.5188694 -1.272972226 6.011022091
4.57291317 -0.5958108306 7.068622589
3.497565508 2.515489817 7.761118889
3.874868631 2.898188829 7.706734657
4.64820385 1.112636209 7.246831894
7.033458233 0.4041706324 6.487913609
3.300841093 2.523414373 7.828231812
6.904259682 0.7697023153 6.412385941
3.897675753 2.807651997 7.692644596
4.011611938 2.767488003 7.671307087
3.852037191 2.790477753 7.695496559
3.865098715 2.758223772 7.693013668
3.790400267 2.728809118 7.723540783
7.187760353 1.220568776 4.176686764
4.033522606 2.905581951 7.685142994
3.820857048 2.928561211 7.727556229
3.621925831 -1.23510325 7.170861244
6.927978992 -0.4186246097 6.265768051
6.251388073 -0.1465899646 5.72124958
3.31446743 -3.017199755 6.954438686
3.311845541 -3.066488504 6.938301563
5.451980591 -2.811402321 6.397181988
7.061995029 2.807767391 6.619529247
3.501186609 2.415547609 7.736976147
3.824762344 2.82560277 7.687924385
3.814546824 2.793391466 7.716689587
6.764808655 1.359474897 6.230642319
4.403327942 -0.8489195108 6.992347717
6.222451687 -0.1093836948 5.724819183
7.038081646 -0.2920433283 6.195495605
3.403619051 2.576997042 7.808720589
6.860701084 0.5120385885 6.397371769
5.282503128 0.4888416529 6.97219038
4.41486454 1.462749124 7.561954975
5.011349678 1.002757311 7.107990265
5.938875675 3.754443645 7.223378181
6.966473579 2.339901209 4.009079456
6.321612358 2.128673553 5.942028522
6.3258605 1.978249669 5.930514336
3.885222435 -3.753492594 5.890039444
3.451313019 2.548928976 7.787885666
7.650305748 -1.212089419 5.94313097
7.194544315 -0.524125874 6.153588772
6.223508835 3.763794899 7.058218479
4.319936752 2.755059481 7.596164703
3.213402033 2.723979473 7.933233261
3.830663204 2.724481583 7.69783783
4.062067509 2.700513363 7.673060417
3.845791817 2.930092812 7.725716114
4.31875658 4.334671021 7.840660095
4.906462193 -3.078984499 6.546231747
4.628978252 -2.970812798 6.70311451
4.615813255 -3.086297512 6.632342339
3.021834373 -3.097453833 7.116455555
5.557411671 -1.951853871 6.416248798
6.877113342 -2.195396185 6.078294277
7.317377567 1.510670781 4.738698959
3.313522577 0.8860707283 7.60258913
3.395035744 2.461220741 7.798396587
7.027842045 -0.2672105134 6.298295975
4.051855087 2.981467247 7.704149246
4.394226551 1.725921154 7.477553844
5.035411358 0.4364432096 6.99810791
4.832452297 0.8856031299 7.122380257
6.156919479 2.901835918 6.962194443
6.067197323 2.885671139 6.949517727
3.378318071 2.568850517 7.83960104
5.193786144 1.851559639 7.166173458
5.40359354 1.965747595 7.112159729
6.993699551 2.296409607 3.9800632
7.102182865 2.234608889 4.149873734
7.203162193 3.012769461 6.66021347
4.898081779 -0.2248059511 6.947857857
4.92443943 -0.3263478577 6.88023901
5.383800507 -0.5928943753 6.730083466
5.956511021 0.02096671984 6.654933929
3.036192179 -1.142105699 7.412450314
4.491615295 -1.242079854 6.960645199
4.386466026 -1.300122976 6.929811001
3.943172932 -1.456562877 7.088507175
4.047252655 -1.2886132 6.73918581
3.644528389 -1.405723572 7.147557259
5.84814024 0.07947350293 6.519980431
4.178804874 1.614763379 7.396483421
4.895757675 1.478704691 7.263816833
3.237663984 1.880850196 7.773953438
3.293600082 0.8592712283 7.576646328
3.218245983 0.8655447364 7.616844654
3.244658947 0.7901056409 7.605143547
4.764422894 0.4608822465 7.107839584
4.77986002 0.4464764893 7.089431763
4.847129345 0.8206498623 7.11350441
3.577558279 -2.647871017 7.675714016
4.840408325 -2.392629862 6.663842678
5.265400887 -2.466895103 6.794668674
4.889550209 -3.286637068 7.108640671
4.11021328 -1.049597859 7.059586048
3.611595869 1.460417271 7.58805275
3.505398989 -1.886811137 7.113890171
4.595383167 -2.507029295 6.701851845
4.577241898 -3.262026072 6.694062233
4.476565838 -3.226780415 6.644877434
5.952441216 2.034593821 6.896518707
6.133125782 3.381330729 7.063827038
6.993077278 3.556457281 6.939453125
7.162109375 1.626157403 3.898712397
6.893694401 2.759633541 6.673297405
6.942677498 2.706911802 6.606441021
3.052331209 -1.124694586 7.403187275
6.783417702 1.0867486 6.231928349
4.889144421 3.657127142 7.520547867
7.089684486 2.189167976 3.906549215
6.978338242 2.339746714 4.050686359
4.291288376 -1.496070504 6.949832916
6.810358047 -1.365719557 6.187299728
5.988702297 -1.36807847 6.41001749
3.908294916 -1.177609921 6.987302303
3.775345325 -1.200540423 7.145213604
2.969765186 -1.208768129 7.424519062
6.688980579 -1.389485717 6.12523222
4.168199062 -1.714042425 6.948235989
4.298527241 -1.920639038 6.862726688
6.972677708 -2.069693327 6.027320862
4.737946033 -0.4594687223 6.975791454
6.659444809 -0.5996089578 6.319894791
4.922963142 -0.3891626 6.874878407
3.710003376 -0.4209439158 7.294774055
4.617294788 -0.4869548678 6.992091656
4.75285387 -0.238088429 7.019775867
4.877118111 -0.2873325646 6.926354885
5.31585741 -0.9467969537 6.692523479
5.331411362 -0.956754446 6.678079128
6.667178631 -1.23704505 6.258010387
4.001337051 -0.9256871939 7.130167484
4.78601265 -1.0550102 6.850810528
2.747229576 -0.8182830215 7.53674078
5.391532421 -0.6778370142 6.703185081
4.345386982 -0.7462164164 7.104265213
4.486180305 -0.6024686098 6.089161873
4.650279045 -3.453779459 6.978438377
4.733227253 -2.482761145 6.662024498
3.830275774 -2.468604088 6.991227627
5.659977436 1.787079215 6.995340347
6.776033878 1.379004121 6.111225128
6.943328381 1.557605505 5.973616123
6.300878048 1.914337635 6.749276161
3.269678593 1.797416687 7.726067543
6.649981022 1.335332513 6.162158489
5.070404053 2.803932667 7.381241322
6.125557423 2.836250782 6.953319073
6.323615074 2.023446798 6.805916309
3.720410347 3.008937597 7.911641598
4.953165054 0.2858729661 6.987784863
5.696396351 0.350648731 6.754010201
5.122151852 0.3861170709 6.932666779
6.868568897 -0.3059282601 6.30657053
6.805130482 -0.4125133753 6.225869656
4.953603745 -0.2020723671 6.938381672
3.886190891 -0.07717418671 7.376861095
5.949447155 -0.0199277848 6.63563776
5.262363434 0.007688983809 6.86763525
3.879176378 1.464598894 7.53217411
4.943004608 0.6985150576 7.015303135
3.255626917 0.9169651866 7.606664181
6.036072254 0.497274071 6.679319859
4.889904499 0.6181115508 7.081420422
4.749088764 1.069458127 7.305958748
5.193710327 0.9721350074 7.060364246
3.794551373 1.894424915 7.599713802
4.702260017 1.911552429 7.330934525
6.673364639 1.394236088 6.142071247
5.521273136 1.354660988 6.976073742
4.583929539 1.430822134 7.284660816
4.67854166 1.600098252 7.327785969
6.948572636 1.729201078 6.024349213
3.867047787 2.691919804 7.679896832
6.94312191 1.520964265 6.092184067
5.021043777 1.943923354 7.173961639
6.625656605 1.713191986 6.201714993
6.870071411 1.623796225 5.984908581
6.295617104 1.863328218 6.733216286
6.649590015 1.617420197 6.047643185
6.368720531 1.586218119 5.942092896
6.740666389 1.541881442 5.976218224
6.805896282 1.524316788 5.952012062
3.712980747 0.8446859121 7.440654278
6.769490719 1.066889644 6.708897114
3.362130642 0.9795023203 7.572314739
3.266077518 0.9812965989 7.597122669
5.941633701 0.1143588424 6.510336399
6.034446716 0.4125401378 6.670760632
3.379190207 0.7932844758 7.548185349
3.291701794 0.766600728 7.589588165
6.714114189 0.8905515075 6.563657761
4.876049042 1.335453272 7.258020401
4.441011429 1.371477962 7.384813309
7.25552845 3.756936073 6.738247395
7.163207054 3.740436554 6.733669758
7.066281796 2.180699587 3.93911624
6.153963089 3.668374062 7.136944771
7.107688427 1.845321298 3.712285995
6.266140461 3.844679594 7.116363525
6.97766161 2.276119471 4.371665001
7.094951153 2.074528217 4.014032841
6.977575779 2.256547213 4.379437447
6.010298252 2.802177906 6.975749493
7.160876274 1.588022947 4.323311806
5.129585266 2.934328079 7.311950684
6.163417339 2.786231518 6.911980152
4.441021919 2.877281666 7.537959576
6.924810886 2.926822186 6.657044888
7.087135792 1.86977613 4.327657223
6.992917538 2.840958118 6.641457081
6.980751038 2.79617548 6.606400967
6.673935413 -2.940065861 7.042847633
4.511636734 -3.11487627 6.603776932
7.373897076 -2.305807114 5.902989388
4.788251877 -3.068485737 6.55908823
4.624124527 -3.236707449 6.637213707
3.762841463 -3.662047386 5.962632179
4.993359089 -0.2739084959 6.928229809
4.657774925 -0.4669949412 7.081320286
6.601054668 -0.683645606 6.30407238
3.7304914 -0.3878832459 7.294235706
5.479706764 -0.5868454576 6.697788239
4.798359871 -0.5107952356 6.90021801
5.050776482 -0.3803944588 6.895661831
4.691434383 -0.3666806221 6.996721745
4.741512299 -0.4090098143 6.975836754
6.831158161 -0.6424201131 6.195018291
4.683254242 -0.4262145758 7.03593111
5.563497066 0.06205368787 6.728334904
4.985664368 -0.1820642203 6.903643608
6.883648396 -0.199692592 6.295234203
6.833138943 -0.203097105 6.300125599
6.854877949 -0.2144905925 6.309619427
5.007882118 0.02541013807 7.051672935
5.556444645 0.1250234693 6.751017094
5.816831589 0.07382480055 6.663454056
6.67752552 -0.1975870728 6.350994587
5.216605186 -0.06653183699 6.827228546
3.223020554 0.1500596553 7.5455513
4.188920975 -0.9942569733 6.965250969
6.69842577 -1.281250596 6.148488998
5.327804089 -0.9830858707 6.679249763
6.664309025 -1.324376106 6.217640877
2.848851442 -1.097209096 7.485255718
2.904922009 -1.178893089 7.445003033
3.57492733 -1.250472307 7.199704647
4.447469234 -0.7313555479 7.051613331
4.764295101 -0.6105184555 6.917071342
6.624729633 -0.7866826057 6.293094635
4.765113354 -0.7721912265 6.847342491
6.976944447 2.693897247 6.633024693
3.404141665 2.465773582 7.798653603
7.088407516 1.974396348 3.905237198
5.93287468 0.5111065507 6.714619637
7.089199543 2.134876966 3.958261728
7.257352829 2.120849371 4.06003952
7.073390007 2.084311247 3.992162704
7.013363361 2.28482604 4.381300926
6.95889473 2.923164129 6.634910107
7.100902557 1.815252304 3.780515194
6.748157501 1.564406633 5.980439186
5.170318127 0.3520019352 6.984946728
5.318703651 -0.3909565806 6.756981373
5.204230309 0.8371300101 6.952836037
2.695748329 -1.32719326 7.553443909
7.05422163 2.019139051 4.014637947
7.054543018 2.366533995 3.946897507
6.720171452 1.442833781 6.07293129
6.85067749 1.330263138 6.06841898
4.417228699 1.308119655 7.37698555
5.017069817 2.111493111 7.255932331
6.663003445 1.600614548 6.067964077
5.291356564 1.955517054 7.137073994
4.628411293 1.407432675 7.274773598
3.479114532 1.536065102 7.6410532
4.640211105 1.725434542 7.368024349
5.980784416 2.845213652 6.979230404
4.917205811 3.084091425 7.446595669
5.952206612 2.854112625 7.177086353
5.200122356 2.925228357 7.386906147
6.007545471 2.763340473 6.926783562
6.930345058 2.859593153 6.627613068
6.920593262 2.686335564 6.674276829
6.147861004 2.18042922 6.941055775
6.742928505 1.784469724 6.087457657
5.373848438 -0.9243421555 6.678457737
4.410914421 -1.061969161 6.98365593
5.39374733 -1.071036458 6.653343678
4.582385063 -0.6079247594 6.967786789
4.545971394 -0.6558961868 7.046465874
6.671473026 -0.9377675653 6.262551308
4.509081841 -0.7344467044 7.044121742
4.467904091 -0.7769206166 6.958415985
6.827065945 -1.009377122 6.156585693
6.878601074 -1.610081196 6.131764412
2.961649179 -1.150154948 7.350810051
6.708095551 -1.505324721 6.162257671
2.942588806 -1.216713309 7.434431553
6.831938744 -0.3383778334 6.276034832
6.01798296 -0.7205069065 6.443105221
6.820861816 -0.3882505 6.243074417
5.493454456 0.09864411503 6.797801495
4.889622688 -0.4150587022 6.918737411
4.891327858 -0.4968558848 6.875820637
6.643120289 -0.7814217806 6.261793613
6.906521797 -0.5265008807 6.266336918
6.654744148 -0.5599865317 6.311304092
3.675608873 -3.276117325 6.811173439
3.216534615 0.8292580843 7.614433289
6.739950657 0.1332921386 6.382943153
2.599196196 -2.226202965 7.370538712
5.582053661 -0.0491983816 6.75318861
7.100486755 1.774533987 3.80581665
5.463326931 -0.7198498249 6.680987358
3.756915569 -0.3557657003 7.298743725
4.100717068 1.663379669 7.475769043
6.630528927 1.578314543 6.118956089
7.153775215 1.186011434 4.156835079
3.688744307 2.576530933 7.742480755
5.853447914 2.635607243 7.039443016
5.792495728 2.655325413 7.109003067
7.214970589 1.317804456 4.166101933
7.202795029 1.280518413 4.17181778
7.148616791 1.231454372 4.208909512
5.00702858 1.379745722 7.119952202
5.637223244 1.012121797 6.85158968
5.576063633 0.9863600731 6.864629745
5.96167469 0.9106468558 6.735790253
5.631099224 0.8763195872 6.879255295
4.664718628 1.822858572 7.331649303
5.589434624 1.623685837 7.007090569
4.297179222 1.833875537 7.595134735
4.178024292 1.636718273 7.475231647
4.232300758 1.590661049 7.401572227
6.329265118 2.213178635 6.016999245
7.142397404 3.771886826 6.771754265
7.03468132 2.241749525 3.982728481
7.221808434 1.542020082 4.00729084
7.191696644 1.711093426 4.390045643
6.909554005 2.7333529 6.638632298
7.141330242 1.637775302 4.038536549
6.926916122 2.769244432 6.651103497
6.97514677 2.724131823 6.618690491
4.464402199 -0.8759620786 6.985857964
2.706232786 -0.8863500357 7.651968002
6.773579121 -1.269155145 6.165198803
4.059819221 -1.079310894 7.057979584
6.780827999 -1.332334161 6.178361893
6.742378235 -1.24954927 6.160315514
7.018422604 -0.8855679035 6.137998581
4.844666958 -0.9084527493 6.865844727
3.296711445 -1.594362259 7.24204731
4.332178116 -1.170509338 7.006394386
3.540700912 -1.146963835 7.207758427
3.87915206 -1.196233869 7.112905025
6.761320114 -1.466300488 6.140326977
5.482927322 0.4410490692 6.831291199
5.843647957 0.3461026549 6.729037762
5.573866844 0.1028924584 6.811563015
5.200246334 0.09716174752 6.747958183
5.794421673 0.4150109291 6.812220097
5.986996651 0.4112173617 6.679060459
5.965095997 0.4400008321 6.692477703
6.042747498 0.4441409409 6.706354141
6.580023766 -0.6357535124 6.322947502
5.750071049 -0.5760991573 6.636386871
5.099211216 0.1886578798 6.937189102
7.021558285 -0.761557281 6.143592834
5.603974819 -0.133454144 6.672048092
6.61822319 -0.5599507093 6.279920578
5.114385128 -0.3135911524 6.889840126
6.722396851 -0.4478776455 6.273366928
4.96236515 -0.3360649347 6.874821186
6.257594109 1.501734972 6.753065109
5.248594284 1.605446339 7.097846508
5.278308868 1.567452431 7.08947134
4.530686855 1.60626781 7.121525764
4.690907001 1.494608641 7.208359718
3.135159969 1.731617808 7.797328472
4.760643005 1.443144679 7.283369541
7.194948196 1.198519826 4.179181576
6.092793465 2.1659863 6.828373432
4.15065527 2.025043249 7.557889938
5.813607693 0.6332606673 6.754364967
5.269927502 1.292898893 7.069606781
6.224534512 0.339872092 6.576004505
7.090829849 2.154496431 3.905409813
7.199486732 1.225176692 4.16879034
7.086337566 1.825242162 3.747886181
7.073117256 2.318308592 3.954068661
7.232300758 1.283357859 4.139027596
7.078570366 2.921205044 6.638011932
6.948194027 2.903946877 6.652135372
7.067524433 2.853516817 6.585762501
6.055211544 3.080189466 7.06133461
7.174166679 1.830866575 4.8681283
5.929611206 3.044693947 7.083297253
3.346064091 -1.13150239 7.313653946
4.569186687 -1.243196368 6.896125317
6.734492302 -1.436048508 6.148025513
6.694435596 -1.458105445 6.159165859
5.793094158 -1.400453687 6.429956436
6.732566833 -1.492136002 6.138044834
4.148833275 -1.379814744 7.088162422
2.907437801 -1.320638776 7.416949272
2.973920584 -1.384388804 7.55854702
3.965927601 -1.476006627 7.078481197
6.87791872 -1.714011312 6.017303944
5.83452034 -1.5294801 6.44114399
5.758681774 0.09941036254 6.758213043
4.566746235 -2.51422596 6.713298321
5.484995842 -0.4920682013 6.736795425
6.609076023 -0.6354932785 6.311309338
3.75994873 -0.4500402808 7.28121376
4.616313934 -0.5701665282 6.994361401
6.938920975 -0.8457837105 6.192176342
6.632282734 -0.09701029211 6.352871895
3.199460745 0.1258566082 7.552203655
5.052194595 0.236445263 6.961527348
3.231071949 -0.0004739908036 7.51842308
6.708600998 -1.260314345 6.171077251
6.75302124 -1.300614834 6.177229881
6.634479046 -0.8278295398 6.286391258
6.713313103 -1.323827267 6.188458443
3.318084717 -1.076587796 7.329230785
4.467029572 -1.19730413 7.02268219
3.384094477 -0.5223841071 7.400234222
6.631761551 -0.8680167794 6.279786587
1.97786665 3.391706467 8.388807297
6.925951958 -1.011588812 6.157111168
0.7198086381 0.7997751832 6.420377731
4.897845745 -0.8391878605 6.845234871
4.990107059 -0.6633374691 6.909401417
4.798404694 -0.853793025 6.913293839
4.126055241 4.625536919 7.275368214
6.952218056 -1.082843304 6.241178036
4.388006687 4.723779678 7.162077904
6.810316563 -1.066995502 6.17643261
4.039482117 -1.244709134 7.108706474
4.547539711 -0.9362997413 6.949267387
1.546868682 -0.9461050034 7.921891689
7.167758465 1.768825412 4.831543922
2.523793221 -0.8886242509 7.476803303
6.684474468 1.224864841 6.27409029
1.733980298 -0.02101139538 7.969223499
7.158886909 1.647438526 3.878093004
6.041040421 -0.3879842162 6.473928452
6.277025223 1.053557634 7.463332653
6.644394875 -0.3648715615 6.328691483
1.837005973 0.1777394861 7.945948124
6.994332314 2.32135272 4.019965649
3.624354124 1.796362281 7.612068653
6.791130066 1.114880204 6.209299088
2.245007038 1.023638964 7.929160595
6.259304523 1.715852857 6.734571457
3.678959846 2.123856783 7.626464367
6.662626266 1.525985003 6.050329685
6.686182976 1.558865428 6.011199474
2.207784414 -2.088120222 7.529435635
6.640716553 1.637889385 6.149372101
5.829024315 -2.558001518 6.088999271
6.679933548 1.606746912 6.038581848
2.029357195 -2.093868494 7.598890305
6.105681419 1.227098227 6.673984528
6.217335224 0.6640461683 5.774769306
2.820593834 -1.052333236 7.453063011
6.284990311 0.6906046271 5.864953518
4.767651558 -0.791590333 6.929368973
4.613527298 1.259387136 7.566943645
3.799567223 1.360895157 7.502127647
4.533673763 1.314251661 7.344172001
6.252038002 0.8776054382 5.879433632
3.75075984 -3.722752094 6.802250385
5.964882851 1.158955574 6.782773495
4.93101263 -2.953955889 6.452293873
3.380018234 1.618968606 7.573754787
3.524074078 -1.226737618 7.19768095
6.21434164 3.774147511 7.179412365
7.030504227 2.339113951 3.98273325
3.757676601 -0.1715733111 7.25949049
7.167676926 1.232683063 4.164727688
3.712515593 -1.249838114 7.152970314
3.651413202 1.018611789 7.243036747
4.105037212 -0.9769448638 7.11694622
2.965869188 -2.403236866 7.291528225
6.637661457 -1.171258688 6.213852406
4.626232147 -0.9941517115 6.959807873
3.355638027 -3.555921078 6.926119328
4.176716328 -0.9322932363 7.107535839
3.32309556 -1.459422827 7.245290756
6.620354652 -0.950976789 6.260881424
1.751410961 -2.084055424 7.668166637
3.220983267 -1.842884541 5.415376186
3.206889391 1.663525343 7.739015579
7.505991459 -2.053400517 5.905902386
3.882743835 1.815961957 7.535633564
3.591418505 -1.563721538 7.125959396
6.067137241 0.2912522256 6.637025833
3.753131628 -2.138277054 7.015556335
3.857537746 0.7818548083 7.415964603
5.553005695 -2.543232679 6.499410152
5.235648155 -0.5200354457 6.766342163
3.529839277 -3.625427008 6.845648289
6.855706692 -0.5946686268 6.246080399
2.9846766 -2.366321802 7.259404182
6.60195303 -0.7467437983 6.308520317
4.60057354 1.72776854 7.351203442
2.711721182 -0.6225808859 7.590692043
6.909683704 1.560314298 5.977026939
1.293546796 -0.08743280917 8.10403347
5.967523575 1.357001066 6.850047588
3.317466974 -1.111870289 7.306279659
7.519613743 -1.295596361 5.99352932
4.054573059 4.746252537 7.576967716
6.168171406 2.690571785 6.978686333
1.228053451 1.417915344 8.365896225
7.069493294 2.0100739 3.966195107
5.684882164 1.518704176 7.020328999
6.994865894 2.072671175 3.953438282
5.659410954 -1.811116457 6.453426361
4.037137985 2.199926615 7.766609669
3.844462156 -1.39366591 7.129489422
2.950979233 -2.133635044 7.321078777
6.176938057 -0.2584142387 6.625039577
2.922805786 -2.061329603 7.291383743
3.117129803 0.8149288893 7.629834175
5.161791801 0.1433891356 6.927064896
3.16176343 1.313153148 7.744327545
5.781882286 0.4863744378 6.804182529
3.860146761 3.053239584 7.75024128
4.841897488 -3.167196512 6.574396133
4.916379452 0.3525296748 7.086762428
5.273775101 0.4738038182 6.854804039
5.860489845 -0.8383089304 6.544399261
6.038994312 0.5064409971 6.789642334
6.632882595 -1.054939747 6.240826607
3.279434443 3.909932137 8.180427551
5.922859192 0.6636957526 6.741573811
3.90837431 4.509259224 7.914178848
5.147582531 -0.457423985 6.792581558
1.923854113 -1.896734118 7.653251171
7.156491756 3.747019053 6.717166424
4.28726244 -1.360151649 7.028773785
6.276002407 1.356547117 5.939928055
5.18693018 1.748722196 7.209435463
6.151975632 1.499288082 6.845053196
2.034211874 -0.5671231747 7.793897629
3.455672979 -3.853321552 6.778418541
1.568247676 0.9226250648 8.181384087
7.114962578 1.957099199 3.910524845
1.406846642 -1.223591447 7.907056808
7.141330242 1.706611633 3.860795021
3.330719233 -1.14927423 7.256523609
3.014301777 -1.093423247 7.453333855
3.055446386 -2.296421766 7.236310005
4.437547684 1.280322909 7.325485229
1.381519914 -0.5365949869 7.081745148
6.795536041 1.042807341 6.29204607
6.149318218 2.845875263 6.935264587
-0.2124554068 -1.860702038 7.608346462
6.940690517 2.786482573 6.636845112
2.98268652 -2.438396692 7.290292263
7.031281471 2.667764902 6.664242744
4.25931406 -1.777929306 6.966976643
5.132891178 -2.431353807 6.549957752
-0.2438907176 -2.650074959 7.506864071
7.089202881 -1.340007901 6.186217308
4.059158802 3.831929684 7.808336735
5.030311584 -0.7298203111 6.858570576
5.749574184 0.05426893383 6.769503593
4.068862915 -2.073584318 6.981506348
1.096505523 -1.247606874 8.456665039
4.521486759 -1.155185103 6.959798336
6.861784458 1.727263927 6.05240202
2.04595089 0.7447993755 7.990440845
5.085020542 1.77043128 7.180175304
1.925985694 -0.2171712369 7.85858345
5.970486164 0.04564850777 6.77025795
2.947602272 1.618615866 7.829717636
7.079349995 2.941112995 6.614154339
1.506288767 -0.9394876361 7.916771889
6.314737797 0.99155581 5.883651733
0.2115894407 -0.5572038889 7.707588673
6.834568501 -0.4097652733 6.30024004
2.164453983 -0.8349934816 7.758808613
3.298979998 -0.06714291126 7.505644798
5.733896732 -2.402118921 6.641098976
2.056983709 -0.8040639758 7.767843246
6.99895525 -1.095107317 6.238952637
3.019235134 -0.5442952514 7.498015881
1.944665909 0.2761684954 7.949761868
5.621856213 -0.9399899244 6.566574097
2.756262541 -1.432288408 7.581254005
5.027184486 -0.2014420927 7.187391758
1.755318284 0.2662908137 7.926903248
6.831148624 1.430839658 6.086903572
2.060068607 -0.04674088955 7.883693695
5.560874462 -1.873587608 6.792512417
1.137559295 -1.4756037 7.918913841
5.459257126 0.7398635745 6.757263184
2.35774374 -1.083477139 7.679500103
5.500181675 -2.905329943 6.488144875
1.339982152 -0.3342042863 8.048760414
5.626960754 1.414826989 6.960223675
1.077014089 -0.2715142667 8.100476265
4.790463448 1.65936172 7.417683125
1.859704137 -0.560372591 7.84862709
4.68489933 4.674246788 6.92445612
2.11766696 -0.1840103865 7.838168621
5.918726444 -2.159784079 6.27178669
1.073659182 -0.1354825348 8.160948753
4.90808773 0.03305439278 6.915863037
4.730301857 -2.512387276 6.620764732
3.627748966 0.3649449348 7.449479103
4.993522644 2.173538685 7.278516293
0.8059768081 0.2702072263 6.711895466
6.272267342 1.0073452 6.669928551
4.116131783 2.661125422 7.687592983
1.727556586 -0.2798531651 7.940859795
4.942448616 2.985104799 7.400814533
3.587185144 -3.121095419 6.888205528
6.087080956 2.554302692 6.9362607
1.681234121 -2.529286861 7.83211422
4.528328419 -1.219787359 6.916703701
2.002530575 -0.8018718958 7.785154819
3.870904684 1.111852169 7.487061977
2.318606138 -0.1889250427 7.762187958
1.497566462 -0.1529760212 8.033269882
4.346786022 -0.8195405006 7.090233326
1.268791914 -1.786169529 7.861979485
5.384804726 -1.095779896 6.645398617
5.376429558 -1.045017004 6.656036377
5.365691662 -0.9701316953 6.671751022
1.280024171 -0.08041577786 8.11257267
5.035121441 -0.5674210787 6.872741699
3.824581623 -2.104277849 7.024249077
5.367415905 -0.5484429598 6.75002718
1.233441472 -1.169600964 7.973593712
5.326463699 -0.5355814099 6.767321587
5.70899725 -0.7871564627 6.576389313
1.392476797 -1.133107901 7.918983936
5.467302799 -0.7750820518 6.656026363
1.118283749 -1.097782135 8.005426407
5.41698122 -0.7340570688 6.685329914
3.994727612 -1.391845703 7.101846695
5.477934837 -0.6765457988 6.684645176
3.528434515 -1.362308979 7.169410706
4.99079752 -0.6595090628 6.888532639
3.632997513 -1.26153779 7.149444103
4.215979576 -1.296028376 7.03616333
2.832741976 2.908845663 8.061254501
3.615339279 -1.413092732 7.139694214
1.965320587 -0.858112812 7.786582947
6.244003296 0.6411467791 6.623531818
1.852490902 0.3373599648 7.984439373
6.238126278 1.195741653 6.68091011
1.945179701 0.2228563875 7.929430962
5.652997494 0.9294880033 6.874351501
0.9679418206 0.1081267372 8.253837585
6.230553627 0.8537134528 6.656673908
4.010882854 1.629751563 7.547827244
1.379306316 -0.2610746622 8.051137924
3.450263977 1.746097684 7.658037186
1.581133604 0.08128848672 8.053897858
3.436872482 -2.650211573 6.980409145
1.357362509 0.06173593178 8.097759247
5.069661617 1.267214656 7.132362366
2.419839144 1.317425132 7.944464684
5.907726288 -0.06473497301 6.607681751
5.903301239 -0.006713167764 6.617364883
1.266364694 -0.7336263657 8.016101837
3.753602505 -0.01666750759 7.341669559
1.939066648 -0.8109452724 7.799957752
5.289993286 0.4549865425 6.976994991
1.775337815 -0.6164936423 7.87609005
5.729302406 -0.4047162533 6.637087822
2.312902927 -1.081977248 7.679456711
5.907833099 0.5485447645 6.735703945
1.454604268 -1.082893014 7.903977871
5.18950367 0.302505672 6.93479538
1.648384333 -1.04171145 7.883210182
6.089217186 1.401086926 6.794415474
2.669645309 -0.9652625322 7.54462719
3.691499472 1.471577525 7.576744556
6.216851711 0.916452229 6.696418285
-0.2422314584 -2.100783825 7.674108982
5.970668316 1.002641916 6.760750771
1.313611746 0.6140200496 8.201986313
3.867772341 1.015666246 7.476831913
4.158335686 -1.471576691 6.996203423
4.744978428 -0.3889601529 7.040079594
4.208627701 -1.00183022 7.059268475
2.326463699 -0.6278787255 7.704554558
4.635431767 -1.27336967 7.212601662
3.056649446 2.042869568 7.909275055
4.639648438 -1.131241083 6.89778614
5.005500317 1.387906909 7.160347939
6.206682682 0.2561132014 6.512990475
5.437712669 0.7782595158 6.928608418
3.417649031 0.1023065671 7.466563702
1.591049314 -1.056339502 7.868546486
3.708180189 0.5532662272 7.414924622
1.270605206 -0.9480793476 7.989803791
3.784778118 0.3899379671 7.390091896
1.944521427 -1.268302917 7.730493069
4.694547653 -0.6257949471 6.928188801
1.460445642 1.475271106 8.285352707
3.388858557 -0.3108541071 7.41359663
5.708929062 -0.5723638535 6.616701126
4.137195587 3.862633228 7.808492184
6.171833038 0.3189647794 6.563963413
5.658995628 1.525745153 6.968254089
1.193047762 -0.002240003552 8.135883331
5.655456543 1.416508675 6.953116417
3.894816399 1.411267161 7.504077435
1.451451302 0.008624268696 8.071274757
5.676951885 -1.260525227 6.495828629
1.376580358 0.004880269989 8.086847305
4.005609512 -1.214685082 7.051677227
1.442910194 -0.3729550838 8.019791603
4.719260693 -1.06499958 6.88759613
1.750269413 0.5327571034 8.073898315
3.734153986 -0.9849911928 7.207150459
3.464922667 -0.8005375862 7.266685009
1.921659827 -0.9182976484 7.788990021
3.737430334 -0.8222466707 7.231989384
1.814802408 0.1872304529 7.996161461
3.416320562 -1.551580667 7.153140545
3.236239195 3.870278358 8.08259964
4.409971714 -1.315768003 6.974331379
3.609040976 -1.278007746 7.164681435
5.285762787 0.3208020031 6.9407897
5.649589062 1.107004762 6.90310955
3.279428005 2.768320799 7.899729729
5.453859329 1.09297967 6.977272034
1.493984103 -0.6630393267 7.950827122
5.645297527 1.033230901 6.918808937
-0.2046844363 -3.426472664 7.477422237
4.809262276 -0.2087357938 7.030145645
1.681281567 1.087322474 8.170981407
5.637321949 0.9513768554 6.881689548
1.111222506 -0.004020941909 8.164155006
3.805465221 1.032291532 7.392455101
-0.1074409187 -2.828335047 7.531348228
5.978773594 1.5597893 6.867488384
4.51894331 1.773147583 7.406504631
1.690348268 0.9238108993 8.138871193
4.476284027 -1.662723064 6.859372139
1.132110357 -0.3715013564 8.100156784
4.946518421 0.02611117437 6.984636784
0.8968185186 -1.833088994 8.033325195
6.040763378 0.1418919116 6.67457962
7.025407791 4.576183796 6.810918331
4.909142971 0.6464279294 7.084281445
4.793026924 4.695364475 7.675591469
5.215569973 0.6165878177 7.020011425
4.36275053 4.781980515 7.997224808
3.767382622 0.8390026093 7.464686871
4.631570339 1.250317812 7.19018507
5.196017265 0.74501127 7.045889378
4.809104443 -0.6539137959 7.625684261
5.998530865 4.753909588 6.549647808
4.615952969 -0.6807692051 6.93083477
6.104196072 3.629353285 7.082671165
3.930502653 -1.020922303 7.163025379
7.15175724 2.061560154 4.021491528
4.721427917 -0.5318533182 6.956051826
7.011209488 3.336678267 6.708512306
4.023940086 -0.4494698346 7.214796066
6.038533211 2.10605216 6.899937153
4.296148777 -0.9323791862 7.011075497
3.864116669 2.928326368 7.707071304
7.185848713 2.547976971 6.613886833
3.754987717 0.9081746936 7.448650837
4.426720619 1.812363744 7.454021454
6.321686268 2.053768396 5.977203846
4.684866905 1.437879562 7.26174593
5.619710445 4.678688526 7.100436211
4.883433819 1.555128455 7.225832462
6.201951981 4.756895065 6.558918953
4.157044888 1.569188714 7.497956753
4.365976334 4.673047543 7.838810444
5.038952827 2.08688879 7.247050762
4.990519524 4.66074419 7.608728409
4.147942543 1.998051643 7.552672863
4.419674873 4.691007614 7.759815216
4.419770241 -1.276297808 7.002925396
4.880272865 4.663703442 7.652565956
3.635056019 -1.441886663 7.139000416
4.244665623 4.689997196 7.830859661
4.744945526 -1.944428802 6.719848156
4.812529087 4.689991474 7.638635159
3.533675194 -1.314382553 7.203938484
5.031036377 4.682878017 7.602410793
6.107216835 4.633725643 7.200090408
3.80934 0.7871966958 7.446472168
7.06157732 4.476372242 6.840651512
3.67364192 0.839972198 7.474135399
7.882797241 -2.250112534 4.76789856
3.697948456 0.8681468964 7.457406521
6.628936768 -2.291830778 6.06196928
5.038220406 0.4100290835 6.986855984
7.31924963 -2.373521566 5.888327122
4.956633091 0.3792710006 7.010150909
5.461239815 -2.728171587 6.384904385
3.629692078 0.4077297449 7.452672958
7.378137112 -2.785524845 5.763245106
3.793461084 -0.2206570655 7.304785728
6.079796791 -2.801169872 6.13293314
3.567121506 -0.535397172 7.318004608
6.744320393 -2.938385487 5.955339432
4.642279625 -0.6279380322 6.978414059
4.959068298 -0.7459487915 6.856908798
6.059671879 -2.253514528 5.424176693
4.262795925 1.49846983 7.451756001
5.927111626 -2.64070797 6.216831684
5.025969028 2.161334515 7.261474133
7.959657669 -1.054047346 5.761750221
4.016736984 2.93609643 7.691642761
6.072860718 -3.316097021 5.325386047
4.690977573 1.754989266 7.304440022
6.53934145 -3.716062784 5.846049309
5.16502142 1.472766399 7.118851185
4.135826111 -1.710510492 6.954348087
5.411472797 -1.573457003 6.583197117
3.902013779 -1.068805218 7.167582035
7.291042328 -2.09278965 5.516626358
3.574408054 -1.40931499 7.154232025
6.810413361 -2.417998075 6.01304388
4.326872826 -1.320248842 6.97837162
5.626151562 -3.082507372 6.308612823
3.586371899 -1.271995544 7.176641464
3.864488602 -1.264741898 7.049770355
7.968756199 -2.950826883 4.612621307
4.134643555 -1.265156984 7.110292435
5.814725399 -3.237706423 6.215358734
4.902979374 -2.095438957 6.573393822
7.934757233 0.6760243773 6.14140892
3.740613937 0.818002224 7.428918362
4.845610619 -0.3183750212 6.897368908
4.977410316 0.08138788491 6.948825836
6.160076618 -0.3555940092 6.659584045
4.582443714 1.063555121 7.287333012
5.701921463 -0.398142159 6.65068531
5.012235165 0.6142926812 7.03421545
8.029654503 1.104768634 6.216124535
3.972731113 -1.124876618 7.087331295
6.951562405 0.06817383319 6.322229385
5.084951401 -0.5327777863 6.842532635
4.401679039 -0.7735253572 7.073651314
4.835508347 -0.2545618117 6.958585262
4.444357872 4.729851723 7.070490837
3.84898901 -1.129749417 7.155403137
4.708402157 -0.3733882308 6.99255085
4.530588627 -1.093469739 6.981820107
4.743992805 1.238318563 7.224635124
3.685741425 0.1061527207 7.361321449
6.902573109 0.5563682318 6.390367031
5.191976547 0.200282529 6.932868958
6.852588654 2.413926125 4.342691898
3.908985853 -0.7928326726 7.161577702
4.694280148 4.7814188 6.942146778
4.449163914 0.8885117769 7.341881275
5.701046944 4.674279213 7.273488998
3.90625906 -0.8443357944 7.16237545
6.04208374 4.642472744 7.241354465
4.889861584 1.235029936 7.275640965
7.155884743 2.16433835 6.54898262
5.198350906 0.8587957025 7.059837341
7.150355339 1.253620863 4.187523842
3.800130606 -2.14074564 7.01085186
6.319579124 1.693096876 5.958795071
4.098535061 2.08894062 7.575419426
7.112503052 1.744497776 3.975497961
4.421675682 -1.625859499 6.880444527
6.273017406 0.0282694418 5.762307167
5.157137871 0.3850930333 6.965939045
7.737663746 -0.1288812608 5.745998383
4.195003033 -1.814903021 6.923577309
6.812852859 -0.01976771466 6.230079174
4.354440689 -1.263504267 6.993043423
4.522507191 -0.6488549709 6.859874249
3.924415112 -1.221206903 7.077236652
5.153972149 -0.5159055591 6.825620651
3.899759054 -1.152386427 7.10977602
5.23371172 3.710957527 7.419764042
6.04498291 1.165041804 6.785533428
3.918688774 1.928202629 7.561085701
6.782477856 0.9904174209 6.237641335
4.819534302 1.372840285 7.265319824
8.014863968 1.089662313 5.990559578
5.253065109 3.209378004 7.364460468
6.007969856 0.8672863245 4.238259792
5.013516903 -0.01675658114 6.930435181
5.994936466 0.495124042 6.755422592
4.60386467 -0.9166420102 7.756798744
6.898435593 0.5193200111 6.415215492
4.665141106 -0.5395253897 6.94987011
5.217045784 0.6586257219 7.026418686
4.635695934 -0.7176111937 6.935445786
5.802442551 0.2435472757 6.665657043
4.548045635 1.112151146 7.300656796
7.632753849 0.7215912938 6.284430981
3.694911957 0.9085812569 7.489511967
5.02196455 0.3760496974 6.995363235
6.319170475 0.5764493942 5.811301231
3.695401669 0.8171973825 7.468746662
8.065143585 1.077155352 5.944663048
4.828385353 0.9977480769 7.157950878
7.999249458 1.069130063 6.103607655
4.944375515 1.008125901 7.101237297
6.349419594 1.036496401 5.872167587
4.95033884 0.4199776649 7.028532028
5.014879227 0.4438044131 7.006575584
3.728256702 1.414207101 7.532632351
7.383276463 1.474087119 4.740185738
3.689390182 -1.275397539 7.159810066
4.352315426 2.5715096 7.5133605
3.62232995 -1.292460084 7.157975197
6.308306217 2.101967573 6.771064281
3.567555189 -1.304744601 7.18707943
3.991953373 -1.218436837 7.054993629
5.641050339 2.648721218 7.399322987
3.823179722 -1.244638085 7.125239372
5.119142056 2.617674828 7.34829998
3.644595146 -1.25227809 7.17040062
6.624784946 1.434806466 6.125601768
3.554991484 -1.439563036 7.17135191
7.408367634 1.140498996 4.668959141
3.601161957 -1.307708502 7.159147263
7.877956867 1.317160249 6.12643671
5.120645046 2.346666336 7.260796547
4.588637829 1.584816694 7.400418758
4.602667332 1.511007428 7.279535294
7.969660282 1.357986569 6.351919174
3.459538937 1.507892847 7.615724564
5.171067715 1.774332762 7.163335323
3.762541771 1.37261045 7.500952244
3.745790482 1.350706816 7.51067543
6.610719681 1.616663218 6.3758955
4.692716599 1.380356789 7.245194435
5.376507282 1.78292191 7.064421654
4.254053593 1.795351744 7.450611115
7.076880932 1.897830486 4.058979034
3.969248533 2.667678595 7.640309811
5.910653114 -2.101306438 6.374512196
4.555482388 1.319908261 7.338774204
7.070523739 1.866276979 4.406331062
4.390058517 1.416812539 7.41714716
4.366503239 4.832537651 7.096469402
4.401779175 1.80351603 7.459283352
7.908366203 -2.171816826 4.777434826
3.469444036 1.471816778 7.610156059
5.135280609 -2.480482101 6.724192142
3.717134237 1.479721189 7.585380554
5.43790102 -0.7779665589 3.018126488
5.125049114 1.515224814 7.138051987
7.882770061 -1.51710999 5.770997047
4.531787872 1.555906534 7.316943169
4.218658924 -1.861090302 6.9045434
3.97322917 -1.54257524 7.044833183
7.970003605 -1.611147165 5.498337269
3.970892906 -1.762246609 6.989033699
7.64610672 -1.682117939 5.603172302
4.191859245 -1.331207156 7.025276661
3.938563347 -1.474571705 7.085463047
4.27001524 -1.444646955 6.948997974
4.117693424 -3.260033846 6.741851807
4.284932613 -1.423063874 6.944894314
6.678983212 -3.358776331 5.879872322
4.297627926 -2.292459726 6.405399799
5.389918327 -3.26849556 6.420204639
4.572103977 -2.443607569 6.483661652
4.942969799 0.2621055543 6.995463848
6.603996277 -2.823478699 5.946926117
4.985528469 -0.04390810803 6.94905138
4.550633907 -2.797513723 6.669810295
3.753566504 0.7919382453 7.470291138
5.079517841 -3.175569057 6.459342003
5.03081131 0.5259702206 7.01658535
4.519785881 -3.143435955 6.587131023
3.976747513 -1.173707366 7.081551075
4.856616974 -0.2787690163 6.937979221
6.310129642 1.689365268 6.821124077
4.902635098 -0.2914325297 6.945632458
7.743087292 0.4874835312 6.031881332
4.536404133 -0.6340113282 7.057071686
4.333973408 -0.7164313793 7.078169346
4.010300636 -1.235761285 7.052682877
7.132462502 -0.2596033514 4.680467606
4.621274471 1.464301586 7.286081791
4.901993752 -0.2534308434 6.927097321
4.066007137 1.853825569 7.542056561
3.940526724 0.8506714106 7.456253052
5.973293304 0.3583161831 6.65110302
4.849003315 1.31303823 7.278717518
5.179331779 0.3747350872 6.934048653
5.457076073 2.763844967 7.648848057
6.008299828 0.5994876027 6.685941219
4.379200935 -1.1258955 7.112659454
6.048939228 1.396511316 6.783483982
5.424359322 -0.6771127582 6.697345734
1.510198355 -2.991740227 7.6285429
6.126572132 2.965401888 6.986158371
0.8901734948 -3.185836315 7.846251488
6.114838123 3.113869429 6.975427151
-0.304969728 -3.393793344 7.502390862
5.712832451 -0.1269334704 6.687051773
1.337569237 -0.8300569654 7.985224247
5.861869335 0.4027713835 6.774620533
1.869468689 -1.000652432 7.80197382
5.573318958 1.0891186 6.935983181
1.461263537 -0.7793974876 7.959695816
3.414082766 -3.086220026 6.899661541
1.636149049 -0.9390918016 7.879687786
5.462027073 -0.6327161193 6.689940453
2.380634069 -0.6980329156 7.667473793
5.968924999 2.373188257 6.943892479
1.034187436 -0.7583194971 8.077587128
3.428628922 1.968257785 7.693872452
-0.181640327 -3.496370554 7.457245827
5.421474457 2.830451012 7.16872406
-0.226111874 -3.480816364 7.476192474
4.012495518 2.86071825 7.657665253
4.899230003 2.811565399 7.403349876
0.7884531617 -3.255212069 7.840483665
4.609050274 -0.621617794 6.98445797
5.43045187 3.633105755 7.364126682
5.040244579 1.284641266 7.166403294
1.660611272 2.402180672 8.367362976
3.956756592 -1.188567042 7.091406822
5.239232063 0.6506005526 7.024915218
0.9852229357 0.5043599606 8.307727814
5.564986229 0.7622089982 6.902270794
5.192813396 1.012284517 7.064860344
1.967774272 0.3299379349 7.942896366
5.612466335 0.001731834491 6.750587463
1.280088186 1.541075349 8.355424881
6.013559341 0.516723156 6.715019703
5.053842545 2.422809124 7.293309212
3.775314808 0.5736677051 7.42977047
3.283036709 2.260539293 7.779770374
6.048232079 0.3716170192 6.609288216
5.028301716 2.002322912 7.235805035
3.443566561 0.3904156089 7.525594234
2.541247845 0.6091248989 7.843494415
6.029618263 2.192421913 6.883739948
6.107296944 2.25335288 6.9112463
3.186977386 1.434634089 7.683882713
5.320656776 1.97612524 7.138347149
3.223669291 1.106080294 7.616004944
5.257469654 1.856870055 7.139983654
2.165832281 0.8910399079 8.179369926
4.644916534 1.314453483 7.248076439
5.136995792 1.533655286 7.134233475
4.852200985 1.320350409 6.873301506
3.748575211 1.34376812 7.470945358
6.245391369 1.312255502 6.684897423
2.178534031 1.006929278 8.008359909
5.073688984 1.214471698 7.141832829
3.134364367 3.077080011 8.0349226
6.060624599 1.435643911 6.807017326
2.835655212 1.638317823 7.893159866
3.7286973 1.444086075 7.562183857
1.794841409 1.830977201 8.244908333
5.3903265 -0.7141766548 6.713740826
5.471786022 -0.8446791172 6.649268627
1.875699282 -1.354635596 7.74515295
5.467010021 -0.5598790646 6.705441952
1.835394859 0.1279422343 8.007465363
5.504824638 -0.7709267139 6.653181553
4.924672604 -0.7758292556 6.840943813
5.589348316 -0.2271737456 6.724947929
1.297558308 -1.093853951 7.954967976
3.766047001 -0.2392435819 7.313216686
4.203721046 -1.747654438 6.937784672
5.591895103 -0.415758431 6.680823326
4.769021988 -0.3651092649 6.963063717
5.813483238 -1.43246758 6.419801712
3.579472542 -1.466517806 7.13858366
1.958356738 -0.06258194149 7.884084702
3.941480875 -1.60433042 7.026996136
5.351128101 -1.033545732 6.663377285
4.211393833 -3.663099527 6.011697292
3.440703154 1.602754712 7.654931545
3.005936623 -2.292919636 7.26320982
3.669383287 -1.149141073 7.111169338
4.729727268 -2.398602486 6.64945364
5.127939224 -0.4390243292 6.849436283
2.940687418 -2.106452703 7.345656872
4.955471039 4.678040981 7.447535992
2.245972872 -2.525748253 7.474016666
5.229106426 2.937165737 7.30183506
0.8875453472 -2.514910221 7.914549828
4.578230381 2.868553877 7.480623722
1.769812822 -0.9431030154 7.837069988
5.553823948 1.579102159 7.013951302
1.504472375 -1.090553761 7.884342194
5.290927887 0.6836937666 8.59552002
6.154364109 2.658644199 7.034253597
2.073046446 -1.880198836 7.630067348
5.777061939 0.2838944495 6.706082344
3.803960085 0.3550082743 7.38711834
2.14445138 0.9730685949 8.020648956
4.540030479 1.796251535 7.434274197
5.718766212 1.7451998 6.956188202
6.052573681 0.1514445245 6.603097916
3.839218378 1.7976408 7.584070206
2.319558382 -3.03358674 7.489011765
5.141016006 0.5405614376 7.024766445
1.957850456 3.022965431 8.302143097
5.3571558 -0.4052106738 6.777075768
2.513892412 -1.244240522 7.64597559
5.900936127 -0.3745082021 6.564987183
3.794248819 -0.2553937435 7.302710533
3.18417263 1.777619243 7.768414497
5.747912884 -0.5379953384 6.614066601
3.745654345 4.727320671 7.907459259
4.917224884 -0.4381587207 6.913729191
3.52044487 2.7724967 7.832631111
5.379360199 -0.4207766056 6.774405003
3.535918713 4.716033936 7.7496171
5.145886898 1.810485005 7.165531635
3.689240932 1.058426857 7.276244164
4.85899353 -0.153416872 6.968998432
1.383783102 -0.364310354 8.018759727
3.481875658 1.438899755 7.632991314
1.082004309 -0.2059711516 8.131183624
3.800673485 1.433969498 7.533985138
5.856248856 1.382382393 6.87150383
1.062057137 2.750934362 8.599751472
5.848862648 1.302618623 6.829117298
3.321292639 0.7271593213 7.6039505
4.270478249 1.345758319 7.379562378
1.253103018 -0.5235980153 8.039464951
3.960902691 1.711172581 7.524103165
1.03716588 -0.1393416971 8.157670975
5.879941463 1.531132936 6.876494884
1.321266532 -0.06799185276 8.098655701
4.51309967 1.613580346 7.333983898
1.457003951 -1.1215204 7.889470577
4.706309795 1.538485289 7.311116695
4.77874279 0.9396235347 7.210368156
-0.2649299204 -3.650921345 7.582180023
5.58330965 0.9034236073 6.902349949
0.157625705 2.689875364 8.182611465
3.393151283 1.009643197 7.564436913
0.7174930573 -3.11528945 7.774863243
4.760372162 1.16135323 7.187824726
4.018222332 4.760137558 7.502896786
5.539327145 1.054763913 6.936359406
3.67901659 0.187782988 7.366308212
3.438551426 0.3071045876 7.495843887
-0.008224382065 0.3261297643 7.967931271
5.860719204 1.195387006 6.81259346
0.163016662 2.74619627 8.192491531
5.392149448 -0.9859545827 6.655175686
4.491359234 -0.8861439228 6.961622715
1.640473604 1.531704664 8.242720604
5.413146496 -1.087056637 6.623526096
4.372885227 1.934471726 7.480683327
5.725203991 -0.707467258 6.578659058
3.915441036 1.787941933 7.549864769
4.79864645 -0.6454340219 6.924721718
3.52018714 2.406708241 7.718390465
4.761298656 -0.5841817856 6.962083817
4.831748962 -0.5726790428 6.946140289
-0.3933728039 1.507656097 8.187294006
5.394206047 -0.556334734 6.73879528
3.715924263 -1.33066535 7.157827377
3.989777565 -1.271335125 7.051788807
3.350531101 4.863012791 7.468197823
3.970720768 -1.865801692 6.989423752
1.394180655 0.4963568747 8.2007761
3.834060669 -1.570863843 7.111114979
3.605714321 -1.544929624 7.130900383
1.932996988 -0.02210365608 7.908635139
6.046255589 2.83522439 6.951541901
1.58525753 1.197293997 8.214427948
5.287111282 1.914645076 7.143289089
3.305041552 -1.453862429 7.277511597
5.981098175 2.497820854 6.95323801
3.511162519 -1.262730122 7.232059956
4.994050026 4.677218437 7.451480389
2.864688873 -2.497799635 7.296779633
4.747106552 4.599932194 7.237729073
1.184974432 3.208599567 8.614286423
5.91407299 2.111489534 6.931396961
5.54528141 2.969384432 7.38283062
0.08809058368 2.412981033 8.241076469
5.887458324 2.860544682 7.02043581
4.192268848 3.086123228 7.680053234
5.385610104 2.677755833 6.559646606
3.596361399 3.099565268 7.880522251
6.042533875 2.841996431 7.025294781
6.195971489 2.803719997 6.908157825
0.09386612475 0.1488482505 7.90891552
6.212515354 2.799331188 6.903469086
1.416326165 -0.006216341164 8.089302063
5.951526165 2.552382946 6.926726341
1.922760367 -0.5402784944 7.419569492
5.971764088 2.539365053 6.946393967
2.001820326 -0.4243982732 7.816385269
4.470926762 2.788516283 7.423983574
3.396316767 0.8330278993 7.536952972
4.480659485 1.587529778 7.348042488
3.605004311 0.8062854409 7.497103214
4.701247215 1.596957207 7.324879169
3.677700281 1.208431005 7.27468586
4.338338375 1.604969978 7.519465446
4.444262505 1.630346656 7.354375839
1.749008417 0.5920853615 8.06283474
5.856323719 1.433802724 6.8753438
0.05445865542 -0.7528197765 7.690137386
5.263627052 1.909983635 7.1369977
4.330094814 4.691074371 7.191808701
4.903892994 1.906353951 7.267729282
2.371212006 -1.126471519 7.679191113
3.494490862 1.878049135 7.663879395
5.388120174 1.94765842 7.103726387
2.26619792 -1.040673256 7.696199417
5.250665188 1.665447593 7.106439114
2.210389137 -1.071382046 7.6873312
6.052182198 1.736523628 6.847296715
3.554101467 -1.08367312 7.228352547
5.737235069 1.736760855 6.944160461
2.196741343 -1.026357293 7.569449902
5.362055779 1.718672633 7.070987225
1.505911589 0.6153129339 8.141925812
3.781891108 -2.148767471 8.451407433
1.96367836 0.4501742423 7.979946613
4.192337513 -1.871590614 6.902317047
1.938084245 0.9974076152 8.122570038
4.257927418 -1.827097178 6.893836021
3.617283583 0.9574324489 7.469471455
4.718901634 -1.961441636 6.718603134
1.941397429 0.8477500081 8.105055809
4.252724171 -1.906306505 6.882958889
3.328461885 0.7726792693 7.544834614
4.049585819 -2.482751369 6.878491402
2.184796095 -0.2625996172 7.82452631
1.970831275 0.2639803588 7.957939625
3.795242071 -1.15748024 7.14328289
1.915124655 -0.1167326048 7.863265991
5.364779472 -1.165736675 6.626427174
1.930716753 -2.368969202 7.572797775
3.598864794 -1.475827217 7.121142864
0.5252104402 -2.488065243 10.25170803
4.184805393 -1.486440063 6.973931313
3.361010313 -2.083613396 7.105319023
3.616844893 -1.462275028 7.128790379
2.695548296 -1.947901726 7.269267082
4.204921722 -1.703359365 6.946273804
3.312371969 2.267273903 7.766737938
3.982630253 -1.242791653 7.072035789
0.1019999608 1.238736153 8.077563286
6.05795908 0.2853496075 6.57206583
4.007595062 4.79857111 7.301568508
5.014081001 0.7675551772 7.068498135
4.09621954 4.738840103 7.615114212
3.403804779 0.8629758954 7.538809299
3.909142256 4.834775448 7.084266186
4.036214352 0.7618534565 7.41714716
5.142540455 0.3027174771 6.959590912
3.401154041 0.9009651542 7.52240181
4.904874325 0.8391488791 7.1182127
4.057670593 4.734782696 7.658746719
5.665201187 0.8725642562 6.876743317
4.022986412 4.731575966 7.649697781
5.279561043 1.909215689 7.135915756
4.802616596 -0.4788344204 6.922957897
4.89734745 -0.3703529239 6.912503719
1.212080598 3.698240757 8.697019577
4.889932632 -0.3140469193 6.959409237
1.840928197 1.799233675 8.227275848
4.872996807 -0.7908405066 6.932271957
2.715783596 1.541696668 7.916995049
4.782155991 -0.6041110754 6.915133953
3.996728659 4.856047153 6.974902153
4.971414566 -0.1294205636 6.930624485
1.066640615 4.22902441 8.785944939
4.57656765 1.471631646 7.331928253
3.802238703 4.708280087 7.961323261
6.02893734 0.119078353 6.633127689
4.457303047 4.691357613 7.74335146
4.284804821 -1.021124721 6.264257908
4.453541279 1.300877571 7.349073887
4.912508965 0.105878979 6.992039204
5.539435863 0.07826426625 6.783825397
3.9748106 4.810111046 7.211995602
4.830244541 -0.2008861154 6.966807365
